400 7801
1 2
1 3
2 3
1 4
2 4
3 4
1 5
2 5
3 5
4 5
1 6
2 6
3 6
4 6
5 6
1 7
2 7
3 7
4 7
5 7
6 7
1 8
2 8
3 8
4 8
5 8
6 8
7 8
1 9
2 9
3 9
4 9
5 9
6 9
7 9
8 9
1 10
2 10
3 10
4 10
5 10
6 10
7 10
8 10
9 10
1 11
2 11
3 11
4 11
5 11
6 11
7 11
8 11
9 11
10 11
1 12
2 12
3 12
4 12
5 12
6 12
7 12
8 12
9 12
10 12
11 12
1 13
2 13
3 13
4 13
5 13
6 13
7 13
8 13
9 13
10 13
11 13
12 13
1 14
2 14
3 14
4 14
5 14
6 14
7 14
8 14
9 14
10 14
11 14
12 14
13 14
1 15
2 15
3 15
4 15
5 15
6 15
7 15
8 15
9 15
10 15
11 15
12 15
13 15
14 15
1 16
2 16
3 16
4 16
5 16
6 16
7 16
8 16
9 16
10 16
11 16
12 16
13 16
14 16
15 16
1 17
2 17
3 17
4 17
5 17
6 17
7 17
8 17
9 17
10 17
11 17
12 17
13 17
14 17
15 17
16 17
1 18
2 18
3 18
4 18
5 18
6 18
7 18
8 18
9 18
10 18
11 18
12 18
13 18
14 18
15 18
16 18
17 18
1 19
2 19
3 19
4 19
5 19
6 19
7 19
8 19
9 19
10 19
11 19
12 19
13 19
14 19
15 19
16 19
17 19
18 19
1 20
2 20
3 20
4 20
5 20
6 20
7 20
8 20
9 20
10 20
11 20
12 20
13 20
14 20
15 20
16 20
17 20
18 20
19 20
1 21
2 21
3 21
4 21
5 21
6 21
7 21
8 21
9 21
10 21
11 21
12 21
13 21
14 21
15 21
16 21
17 21
18 21
19 21
20 21
1 22
2 22
3 22
4 22
5 22
6 22
7 22
8 22
9 22
10 22
11 22
12 22
13 22
14 22
15 22
16 22
17 22
18 22
19 22
20 22
21 22
1 23
2 23
3 23
4 23
5 23
6 23
7 23
8 23
9 23
10 23
11 23
12 23
13 23
14 23
15 23
16 23
17 23
18 23
19 23
20 23
21 23
22 23
1 24
2 24
3 24
4 24
5 24
6 24
7 24
8 24
9 24
10 24
11 24
12 24
13 24
14 24
15 24
16 24
17 24
18 24
19 24
20 24
21 24
22 24
23 24
1 25
2 25
3 25
4 25
5 25
6 25
7 25
8 25
9 25
10 25
11 25
12 25
13 25
14 25
15 25
16 25
17 25
18 25
19 25
20 25
21 25
22 25
23 25
24 25
1 26
2 26
3 26
4 26
5 26
6 26
7 26
8 26
9 26
10 26
11 26
12 26
13 26
14 26
15 26
16 26
17 26
18 26
19 26
20 26
21 26
22 26
23 26
24 26
25 26
1 27
2 27
3 27
4 27
5 27
6 27
7 27
8 27
9 27
10 27
11 27
12 27
13 27
14 27
15 27
16 27
17 27
18 27
19 27
20 27
21 27
22 27
23 27
24 27
25 27
26 27
1 28
2 28
3 28
4 28
5 28
6 28
7 28
8 28
9 28
10 28
11 28
12 28
13 28
14 28
15 28
16 28
17 28
18 28
19 28
20 28
21 28
22 28
23 28
24 28
25 28
26 28
27 28
1 29
2 29
3 29
4 29
5 29
6 29
7 29
8 29
9 29
10 29
11 29
12 29
13 29
14 29
15 29
16 29
17 29
18 29
19 29
20 29
21 29
22 29
23 29
24 29
25 29
26 29
27 29
28 29
1 30
2 30
3 30
4 30
5 30
6 30
7 30
8 30
9 30
10 30
11 30
12 30
13 30
14 30
15 30
16 30
17 30
18 30
19 30
20 30
21 30
22 30
23 30
24 30
25 30
26 30
27 30
28 30
29 30
1 31
2 31
3 31
4 31
5 31
6 31
7 31
8 31
9 31
10 31
11 31
12 31
13 31
14 31
15 31
16 31
17 31
18 31
19 31
20 31
21 31
22 31
23 31
24 31
25 31
26 31
27 31
28 31
29 31
30 31
1 32
2 32
3 32
4 32
5 32
6 32
7 32
8 32
9 32
10 32
11 32
12 32
13 32
14 32
15 32
16 32
17 32
18 32
19 32
20 32
21 32
22 32
23 32
24 32
25 32
26 32
27 32
28 32
29 32
30 32
31 32
1 33
2 33
3 33
4 33
5 33
6 33
7 33
8 33
9 33
10 33
11 33
12 33
13 33
14 33
15 33
16 33
17 33
18 33
19 33
20 33
21 33
22 33
23 33
24 33
25 33
26 33
27 33
28 33
29 33
30 33
31 33
32 33
1 34
2 34
3 34
4 34
5 34
6 34
7 34
8 34
9 34
10 34
11 34
12 34
13 34
14 34
15 34
16 34
17 34
18 34
19 34
20 34
21 34
22 34
23 34
24 34
25 34
26 34
27 34
28 34
29 34
30 34
31 34
32 34
33 34
1 35
2 35
3 35
4 35
5 35
6 35
7 35
8 35
9 35
10 35
11 35
12 35
13 35
14 35
15 35
16 35
17 35
18 35
19 35
20 35
21 35
22 35
23 35
24 35
25 35
26 35
27 35
28 35
29 35
30 35
31 35
32 35
33 35
34 35
1 36
2 36
3 36
4 36
5 36
6 36
7 36
8 36
9 36
10 36
11 36
12 36
13 36
14 36
15 36
16 36
17 36
18 36
19 36
20 36
21 36
22 36
23 36
24 36
25 36
26 36
27 36
28 36
29 36
30 36
31 36
32 36
33 36
34 36
35 36
1 37
2 37
3 37
4 37
5 37
6 37
7 37
8 37
9 37
10 37
11 37
12 37
13 37
14 37
15 37
16 37
17 37
18 37
19 37
20 37
21 37
22 37
23 37
24 37
25 37
26 37
27 37
28 37
29 37
30 37
31 37
32 37
33 37
34 37
35 37
36 37
1 38
2 38
3 38
4 38
5 38
6 38
7 38
8 38
9 38
10 38
11 38
12 38
13 38
14 38
15 38
16 38
17 38
18 38
19 38
20 38
21 38
22 38
23 38
24 38
25 38
26 38
27 38
28 38
29 38
30 38
31 38
32 38
33 38
34 38
35 38
36 38
37 38
1 39
2 39
3 39
4 39
5 39
6 39
7 39
8 39
9 39
10 39
11 39
12 39
13 39
14 39
15 39
16 39
17 39
18 39
19 39
20 39
21 39
22 39
23 39
24 39
25 39
26 39
27 39
28 39
29 39
30 39
31 39
32 39
33 39
34 39
35 39
36 39
37 39
38 39
1 40
2 40
3 40
4 40
5 40
6 40
7 40
8 40
9 40
10 40
11 40
12 40
13 40
14 40
15 40
16 40
17 40
18 40
19 40
20 40
21 40
22 40
23 40
24 40
25 40
26 40
27 40
28 40
29 40
30 40
31 40
32 40
33 40
34 40
35 40
36 40
37 40
38 40
39 40
41 42
41 43
42 43
41 44
42 44
43 44
41 45
42 45
43 45
44 45
41 46
42 46
43 46
44 46
45 46
41 47
42 47
43 47
44 47
45 47
46 47
41 48
42 48
43 48
44 48
45 48
46 48
47 48
41 49
42 49
43 49
44 49
45 49
46 49
47 49
48 49
41 50
42 50
43 50
44 50
45 50
46 50
47 50
48 50
49 50
41 51
42 51
43 51
44 51
45 51
46 51
47 51
48 51
49 51
50 51
41 52
42 52
43 52
44 52
45 52
46 52
47 52
48 52
49 52
50 52
51 52
41 53
42 53
43 53
44 53
45 53
46 53
47 53
48 53
49 53
50 53
51 53
52 53
41 54
42 54
43 54
44 54
45 54
46 54
47 54
48 54
49 54
50 54
51 54
52 54
53 54
41 55
42 55
43 55
44 55
45 55
46 55
47 55
48 55
49 55
50 55
51 55
52 55
53 55
54 55
41 56
42 56
43 56
44 56
45 56
46 56
47 56
48 56
49 56
50 56
51 56
52 56
53 56
54 56
55 56
41 57
42 57
43 57
44 57
45 57
46 57
47 57
48 57
49 57
50 57
51 57
52 57
53 57
54 57
55 57
56 57
41 58
42 58
43 58
44 58
45 58
46 58
47 58
48 58
49 58
50 58
51 58
52 58
53 58
54 58
55 58
56 58
57 58
41 59
42 59
43 59
44 59
45 59
46 59
47 59
48 59
49 59
50 59
51 59
52 59
53 59
54 59
55 59
56 59
57 59
58 59
41 60
42 60
43 60
44 60
45 60
46 60
47 60
48 60
49 60
50 60
51 60
52 60
53 60
54 60
55 60
56 60
57 60
58 60
59 60
41 61
42 61
43 61
44 61
45 61
46 61
47 61
48 61
49 61
50 61
51 61
52 61
53 61
54 61
55 61
56 61
57 61
58 61
59 61
60 61
41 62
42 62
43 62
44 62
45 62
46 62
47 62
48 62
49 62
50 62
51 62
52 62
53 62
54 62
55 62
56 62
57 62
58 62
59 62
60 62
61 62
41 63
42 63
43 63
44 63
45 63
46 63
47 63
48 63
49 63
50 63
51 63
52 63
53 63
54 63
55 63
56 63
57 63
58 63
59 63
60 63
61 63
62 63
41 64
42 64
43 64
44 64
45 64
46 64
47 64
48 64
49 64
50 64
51 64
52 64
53 64
54 64
55 64
56 64
57 64
58 64
59 64
60 64
61 64
62 64
63 64
41 65
42 65
43 65
44 65
45 65
46 65
47 65
48 65
49 65
50 65
51 65
52 65
53 65
54 65
55 65
56 65
57 65
58 65
59 65
60 65
61 65
62 65
63 65
64 65
41 66
42 66
43 66
44 66
45 66
46 66
47 66
48 66
49 66
50 66
51 66
52 66
53 66
54 66
55 66
56 66
57 66
58 66
59 66
60 66
61 66
62 66
63 66
64 66
65 66
41 67
42 67
43 67
44 67
45 67
46 67
47 67
48 67
49 67
50 67
51 67
52 67
53 67
54 67
55 67
56 67
57 67
58 67
59 67
60 67
61 67
62 67
63 67
64 67
65 67
66 67
41 68
42 68
43 68
44 68
45 68
46 68
47 68
48 68
49 68
50 68
51 68
52 68
53 68
54 68
55 68
56 68
57 68
58 68
59 68
60 68
61 68
62 68
63 68
64 68
65 68
66 68
67 68
41 69
42 69
43 69
44 69
45 69
46 69
47 69
48 69
49 69
50 69
51 69
52 69
53 69
54 69
55 69
56 69
57 69
58 69
59 69
60 69
61 69
62 69
63 69
64 69
65 69
66 69
67 69
68 69
41 70
42 70
43 70
44 70
45 70
46 70
47 70
48 70
49 70
50 70
51 70
52 70
53 70
54 70
55 70
56 70
57 70
58 70
59 70
60 70
61 70
62 70
63 70
64 70
65 70
66 70
67 70
68 70
69 70
41 71
42 71
43 71
44 71
45 71
46 71
47 71
48 71
49 71
50 71
51 71
52 71
53 71
54 71
55 71
56 71
57 71
58 71
59 71
60 71
61 71
62 71
63 71
64 71
65 71
66 71
67 71
68 71
69 71
70 71
41 72
42 72
43 72
44 72
45 72
46 72
47 72
48 72
49 72
50 72
51 72
52 72
53 72
54 72
55 72
56 72
57 72
58 72
59 72
60 72
61 72
62 72
63 72
64 72
65 72
66 72
67 72
68 72
69 72
70 72
71 72
41 73
42 73
43 73
44 73
45 73
46 73
47 73
48 73
49 73
50 73
51 73
52 73
53 73
54 73
55 73
56 73
57 73
58 73
59 73
60 73
61 73
62 73
63 73
64 73
65 73
66 73
67 73
68 73
69 73
70 73
71 73
72 73
41 74
42 74
43 74
44 74
45 74
46 74
47 74
48 74
49 74
50 74
51 74
52 74
53 74
54 74
55 74
56 74
57 74
58 74
59 74
60 74
61 74
62 74
63 74
64 74
65 74
66 74
67 74
68 74
69 74
70 74
71 74
72 74
73 74
41 75
42 75
43 75
44 75
45 75
46 75
47 75
48 75
49 75
50 75
51 75
52 75
53 75
54 75
55 75
56 75
57 75
58 75
59 75
60 75
61 75
62 75
63 75
64 75
65 75
66 75
67 75
68 75
69 75
70 75
71 75
72 75
73 75
74 75
41 76
42 76
43 76
44 76
45 76
46 76
47 76
48 76
49 76
50 76
51 76
52 76
53 76
54 76
55 76
56 76
57 76
58 76
59 76
60 76
61 76
62 76
63 76
64 76
65 76
66 76
67 76
68 76
69 76
70 76
71 76
72 76
73 76
74 76
75 76
41 77
42 77
43 77
44 77
45 77
46 77
47 77
48 77
49 77
50 77
51 77
52 77
53 77
54 77
55 77
56 77
57 77
58 77
59 77
60 77
61 77
62 77
63 77
64 77
65 77
66 77
67 77
68 77
69 77
70 77
71 77
72 77
73 77
74 77
75 77
76 77
41 78
42 78
43 78
44 78
45 78
46 78
47 78
48 78
49 78
50 78
51 78
52 78
53 78
54 78
55 78
56 78
57 78
58 78
59 78
60 78
61 78
62 78
63 78
64 78
65 78
66 78
67 78
68 78
69 78
70 78
71 78
72 78
73 78
74 78
75 78
76 78
77 78
41 79
42 79
43 79
44 79
45 79
46 79
47 79
48 79
49 79
50 79
51 79
52 79
53 79
54 79
55 79
56 79
57 79
58 79
59 79
60 79
61 79
62 79
63 79
64 79
65 79
66 79
67 79
68 79
69 79
70 79
71 79
72 79
73 79
74 79
75 79
76 79
77 79
78 79
41 80
42 80
43 80
44 80
45 80
46 80
47 80
48 80
49 80
50 80
51 80
52 80
53 80
54 80
55 80
56 80
57 80
58 80
59 80
60 80
61 80
62 80
63 80
64 80
65 80
66 80
67 80
68 80
69 80
70 80
71 80
72 80
73 80
74 80
75 80
76 80
77 80
78 80
79 80
39 62
81 82
81 83
82 83
81 84
82 84
83 84
81 85
82 85
83 85
84 85
81 86
82 86
83 86
84 86
85 86
81 87
82 87
83 87
84 87
85 87
86 87
81 88
82 88
83 88
84 88
85 88
86 88
87 88
81 89
82 89
83 89
84 89
85 89
86 89
87 89
88 89
81 90
82 90
83 90
84 90
85 90
86 90
87 90
88 90
89 90
81 91
82 91
83 91
84 91
85 91
86 91
87 91
88 91
89 91
90 91
81 92
82 92
83 92
84 92
85 92
86 92
87 92
88 92
89 92
90 92
91 92
81 93
82 93
83 93
84 93
85 93
86 93
87 93
88 93
89 93
90 93
91 93
92 93
81 94
82 94
83 94
84 94
85 94
86 94
87 94
88 94
89 94
90 94
91 94
92 94
93 94
81 95
82 95
83 95
84 95
85 95
86 95
87 95
88 95
89 95
90 95
91 95
92 95
93 95
94 95
81 96
82 96
83 96
84 96
85 96
86 96
87 96
88 96
89 96
90 96
91 96
92 96
93 96
94 96
95 96
81 97
82 97
83 97
84 97
85 97
86 97
87 97
88 97
89 97
90 97
91 97
92 97
93 97
94 97
95 97
96 97
81 98
82 98
83 98
84 98
85 98
86 98
87 98
88 98
89 98
90 98
91 98
92 98
93 98
94 98
95 98
96 98
97 98
81 99
82 99
83 99
84 99
85 99
86 99
87 99
88 99
89 99
90 99
91 99
92 99
93 99
94 99
95 99
96 99
97 99
98 99
81 100
82 100
83 100
84 100
85 100
86 100
87 100
88 100
89 100
90 100
91 100
92 100
93 100
94 100
95 100
96 100
97 100
98 100
99 100
81 101
82 101
83 101
84 101
85 101
86 101
87 101
88 101
89 101
90 101
91 101
92 101
93 101
94 101
95 101
96 101
97 101
98 101
99 101
100 101
81 102
82 102
83 102
84 102
85 102
86 102
87 102
88 102
89 102
90 102
91 102
92 102
93 102
94 102
95 102
96 102
97 102
98 102
99 102
100 102
101 102
81 103
82 103
83 103
84 103
85 103
86 103
87 103
88 103
89 103
90 103
91 103
92 103
93 103
94 103
95 103
96 103
97 103
98 103
99 103
100 103
101 103
102 103
81 104
82 104
83 104
84 104
85 104
86 104
87 104
88 104
89 104
90 104
91 104
92 104
93 104
94 104
95 104
96 104
97 104
98 104
99 104
100 104
101 104
102 104
103 104
81 105
82 105
83 105
84 105
85 105
86 105
87 105
88 105
89 105
90 105
91 105
92 105
93 105
94 105
95 105
96 105
97 105
98 105
99 105
100 105
101 105
102 105
103 105
104 105
81 106
82 106
83 106
84 106
85 106
86 106
87 106
88 106
89 106
90 106
91 106
92 106
93 106
94 106
95 106
96 106
97 106
98 106
99 106
100 106
101 106
102 106
103 106
104 106
105 106
81 107
82 107
83 107
84 107
85 107
86 107
87 107
88 107
89 107
90 107
91 107
92 107
93 107
94 107
95 107
96 107
97 107
98 107
99 107
100 107
101 107
102 107
103 107
104 107
105 107
106 107
81 108
82 108
83 108
84 108
85 108
86 108
87 108
88 108
89 108
90 108
91 108
92 108
93 108
94 108
95 108
96 108
97 108
98 108
99 108
100 108
101 108
102 108
103 108
104 108
105 108
106 108
107 108
81 109
82 109
83 109
84 109
85 109
86 109
87 109
88 109
89 109
90 109
91 109
92 109
93 109
94 109
95 109
96 109
97 109
98 109
99 109
100 109
101 109
102 109
103 109
104 109
105 109
106 109
107 109
108 109
81 110
82 110
83 110
84 110
85 110
86 110
87 110
88 110
89 110
90 110
91 110
92 110
93 110
94 110
95 110
96 110
97 110
98 110
99 110
100 110
101 110
102 110
103 110
104 110
105 110
106 110
107 110
108 110
109 110
81 111
82 111
83 111
84 111
85 111
86 111
87 111
88 111
89 111
90 111
91 111
92 111
93 111
94 111
95 111
96 111
97 111
98 111
99 111
100 111
101 111
102 111
103 111
104 111
105 111
106 111
107 111
108 111
109 111
110 111
81 112
82 112
83 112
84 112
85 112
86 112
87 112
88 112
89 112
90 112
91 112
92 112
93 112
94 112
95 112
96 112
97 112
98 112
99 112
100 112
101 112
102 112
103 112
104 112
105 112
106 112
107 112
108 112
109 112
110 112
111 112
81 113
82 113
83 113
84 113
85 113
86 113
87 113
88 113
89 113
90 113
91 113
92 113
93 113
94 113
95 113
96 113
97 113
98 113
99 113
100 113
101 113
102 113
103 113
104 113
105 113
106 113
107 113
108 113
109 113
110 113
111 113
112 113
81 114
82 114
83 114
84 114
85 114
86 114
87 114
88 114
89 114
90 114
91 114
92 114
93 114
94 114
95 114
96 114
97 114
98 114
99 114
100 114
101 114
102 114
103 114
104 114
105 114
106 114
107 114
108 114
109 114
110 114
111 114
112 114
113 114
81 115
82 115
83 115
84 115
85 115
86 115
87 115
88 115
89 115
90 115
91 115
92 115
93 115
94 115
95 115
96 115
97 115
98 115
99 115
100 115
101 115
102 115
103 115
104 115
105 115
106 115
107 115
108 115
109 115
110 115
111 115
112 115
113 115
114 115
81 116
82 116
83 116
84 116
85 116
86 116
87 116
88 116
89 116
90 116
91 116
92 116
93 116
94 116
95 116
96 116
97 116
98 116
99 116
100 116
101 116
102 116
103 116
104 116
105 116
106 116
107 116
108 116
109 116
110 116
111 116
112 116
113 116
114 116
115 116
81 117
82 117
83 117
84 117
85 117
86 117
87 117
88 117
89 117
90 117
91 117
92 117
93 117
94 117
95 117
96 117
97 117
98 117
99 117
100 117
101 117
102 117
103 117
104 117
105 117
106 117
107 117
108 117
109 117
110 117
111 117
112 117
113 117
114 117
115 117
116 117
81 118
82 118
83 118
84 118
85 118
86 118
87 118
88 118
89 118
90 118
91 118
92 118
93 118
94 118
95 118
96 118
97 118
98 118
99 118
100 118
101 118
102 118
103 118
104 118
105 118
106 118
107 118
108 118
109 118
110 118
111 118
112 118
113 118
114 118
115 118
116 118
117 118
81 119
82 119
83 119
84 119
85 119
86 119
87 119
88 119
89 119
90 119
91 119
92 119
93 119
94 119
95 119
96 119
97 119
98 119
99 119
100 119
101 119
102 119
103 119
104 119
105 119
106 119
107 119
108 119
109 119
110 119
111 119
112 119
113 119
114 119
115 119
116 119
117 119
118 119
81 120
82 120
83 120
84 120
85 120
86 120
87 120
88 120
89 120
90 120
91 120
92 120
93 120
94 120
95 120
96 120
97 120
98 120
99 120
100 120
101 120
102 120
103 120
104 120
105 120
106 120
107 120
108 120
109 120
110 120
111 120
112 120
113 120
114 120
115 120
116 120
117 120
118 120
119 120
121 122
121 123
122 123
121 124
122 124
123 124
121 125
122 125
123 125
124 125
121 126
122 126
123 126
124 126
125 126
121 127
122 127
123 127
124 127
125 127
126 127
121 128
122 128
123 128
124 128
125 128
126 128
127 128
121 129
122 129
123 129
124 129
125 129
126 129
127 129
128 129
121 130
122 130
123 130
124 130
125 130
126 130
127 130
128 130
129 130
121 131
122 131
123 131
124 131
125 131
126 131
127 131
128 131
129 131
130 131
121 132
122 132
123 132
124 132
125 132
126 132
127 132
128 132
129 132
130 132
131 132
121 133
122 133
123 133
124 133
125 133
126 133
127 133
128 133
129 133
130 133
131 133
132 133
121 134
122 134
123 134
124 134
125 134
126 134
127 134
128 134
129 134
130 134
131 134
132 134
133 134
121 135
122 135
123 135
124 135
125 135
126 135
127 135
128 135
129 135
130 135
131 135
132 135
133 135
134 135
121 136
122 136
123 136
124 136
125 136
126 136
127 136
128 136
129 136
130 136
131 136
132 136
133 136
134 136
135 136
121 137
122 137
123 137
124 137
125 137
126 137
127 137
128 137
129 137
130 137
131 137
132 137
133 137
134 137
135 137
136 137
121 138
122 138
123 138
124 138
125 138
126 138
127 138
128 138
129 138
130 138
131 138
132 138
133 138
134 138
135 138
136 138
137 138
121 139
122 139
123 139
124 139
125 139
126 139
127 139
128 139
129 139
130 139
131 139
132 139
133 139
134 139
135 139
136 139
137 139
138 139
121 140
122 140
123 140
124 140
125 140
126 140
127 140
128 140
129 140
130 140
131 140
132 140
133 140
134 140
135 140
136 140
137 140
138 140
139 140
121 141
122 141
123 141
124 141
125 141
126 141
127 141
128 141
129 141
130 141
131 141
132 141
133 141
134 141
135 141
136 141
137 141
138 141
139 141
140 141
121 142
122 142
123 142
124 142
125 142
126 142
127 142
128 142
129 142
130 142
131 142
132 142
133 142
134 142
135 142
136 142
137 142
138 142
139 142
140 142
141 142
121 143
122 143
123 143
124 143
125 143
126 143
127 143
128 143
129 143
130 143
131 143
132 143
133 143
134 143
135 143
136 143
137 143
138 143
139 143
140 143
141 143
142 143
121 144
122 144
123 144
124 144
125 144
126 144
127 144
128 144
129 144
130 144
131 144
132 144
133 144
134 144
135 144
136 144
137 144
138 144
139 144
140 144
141 144
142 144
143 144
121 145
122 145
123 145
124 145
125 145
126 145
127 145
128 145
129 145
130 145
131 145
132 145
133 145
134 145
135 145
136 145
137 145
138 145
139 145
140 145
141 145
142 145
143 145
144 145
121 146
122 146
123 146
124 146
125 146
126 146
127 146
128 146
129 146
130 146
131 146
132 146
133 146
134 146
135 146
136 146
137 146
138 146
139 146
140 146
141 146
142 146
143 146
144 146
145 146
121 147
122 147
123 147
124 147
125 147
126 147
127 147
128 147
129 147
130 147
131 147
132 147
133 147
134 147
135 147
136 147
137 147
138 147
139 147
140 147
141 147
142 147
143 147
144 147
145 147
146 147
121 148
122 148
123 148
124 148
125 148
126 148
127 148
128 148
129 148
130 148
131 148
132 148
133 148
134 148
135 148
136 148
137 148
138 148
139 148
140 148
141 148
142 148
143 148
144 148
145 148
146 148
147 148
121 149
122 149
123 149
124 149
125 149
126 149
127 149
128 149
129 149
130 149
131 149
132 149
133 149
134 149
135 149
136 149
137 149
138 149
139 149
140 149
141 149
142 149
143 149
144 149
145 149
146 149
147 149
148 149
121 150
122 150
123 150
124 150
125 150
126 150
127 150
128 150
129 150
130 150
131 150
132 150
133 150
134 150
135 150
136 150
137 150
138 150
139 150
140 150
141 150
142 150
143 150
144 150
145 150
146 150
147 150
148 150
149 150
121 151
122 151
123 151
124 151
125 151
126 151
127 151
128 151
129 151
130 151
131 151
132 151
133 151
134 151
135 151
136 151
137 151
138 151
139 151
140 151
141 151
142 151
143 151
144 151
145 151
146 151
147 151
148 151
149 151
150 151
121 152
122 152
123 152
124 152
125 152
126 152
127 152
128 152
129 152
130 152
131 152
132 152
133 152
134 152
135 152
136 152
137 152
138 152
139 152
140 152
141 152
142 152
143 152
144 152
145 152
146 152
147 152
148 152
149 152
150 152
151 152
121 153
122 153
123 153
124 153
125 153
126 153
127 153
128 153
129 153
130 153
131 153
132 153
133 153
134 153
135 153
136 153
137 153
138 153
139 153
140 153
141 153
142 153
143 153
144 153
145 153
146 153
147 153
148 153
149 153
150 153
151 153
152 153
121 154
122 154
123 154
124 154
125 154
126 154
127 154
128 154
129 154
130 154
131 154
132 154
133 154
134 154
135 154
136 154
137 154
138 154
139 154
140 154
141 154
142 154
143 154
144 154
145 154
146 154
147 154
148 154
149 154
150 154
151 154
152 154
153 154
121 155
122 155
123 155
124 155
125 155
126 155
127 155
128 155
129 155
130 155
131 155
132 155
133 155
134 155
135 155
136 155
137 155
138 155
139 155
140 155
141 155
142 155
143 155
144 155
145 155
146 155
147 155
148 155
149 155
150 155
151 155
152 155
153 155
154 155
121 156
122 156
123 156
124 156
125 156
126 156
127 156
128 156
129 156
130 156
131 156
132 156
133 156
134 156
135 156
136 156
137 156
138 156
139 156
140 156
141 156
142 156
143 156
144 156
145 156
146 156
147 156
148 156
149 156
150 156
151 156
152 156
153 156
154 156
155 156
121 157
122 157
123 157
124 157
125 157
126 157
127 157
128 157
129 157
130 157
131 157
132 157
133 157
134 157
135 157
136 157
137 157
138 157
139 157
140 157
141 157
142 157
143 157
144 157
145 157
146 157
147 157
148 157
149 157
150 157
151 157
152 157
153 157
154 157
155 157
156 157
121 158
122 158
123 158
124 158
125 158
126 158
127 158
128 158
129 158
130 158
131 158
132 158
133 158
134 158
135 158
136 158
137 158
138 158
139 158
140 158
141 158
142 158
143 158
144 158
145 158
146 158
147 158
148 158
149 158
150 158
151 158
152 158
153 158
154 158
155 158
156 158
157 158
121 159
122 159
123 159
124 159
125 159
126 159
127 159
128 159
129 159
130 159
131 159
132 159
133 159
134 159
135 159
136 159
137 159
138 159
139 159
140 159
141 159
142 159
143 159
144 159
145 159
146 159
147 159
148 159
149 159
150 159
151 159
152 159
153 159
154 159
155 159
156 159
157 159
158 159
121 160
122 160
123 160
124 160
125 160
126 160
127 160
128 160
129 160
130 160
131 160
132 160
133 160
134 160
135 160
136 160
137 160
138 160
139 160
140 160
141 160
142 160
143 160
144 160
145 160
146 160
147 160
148 160
149 160
150 160
151 160
152 160
153 160
154 160
155 160
156 160
157 160
158 160
159 160
161 162
161 163
162 163
161 164
162 164
163 164
161 165
162 165
163 165
164 165
161 166
162 166
163 166
164 166
165 166
161 167
162 167
163 167
164 167
165 167
166 167
161 168
162 168
163 168
164 168
165 168
166 168
167 168
161 169
162 169
163 169
164 169
165 169
166 169
167 169
168 169
161 170
162 170
163 170
164 170
165 170
166 170
167 170
168 170
169 170
161 171
162 171
163 171
164 171
165 171
166 171
167 171
168 171
169 171
170 171
161 172
162 172
163 172
164 172
165 172
166 172
167 172
168 172
169 172
170 172
171 172
161 173
162 173
163 173
164 173
165 173
166 173
167 173
168 173
169 173
170 173
171 173
172 173
161 174
162 174
163 174
164 174
165 174
166 174
167 174
168 174
169 174
170 174
171 174
172 174
173 174
161 175
162 175
163 175
164 175
165 175
166 175
167 175
168 175
169 175
170 175
171 175
172 175
173 175
174 175
161 176
162 176
163 176
164 176
165 176
166 176
167 176
168 176
169 176
170 176
171 176
172 176
173 176
174 176
175 176
161 177
162 177
163 177
164 177
165 177
166 177
167 177
168 177
169 177
170 177
171 177
172 177
173 177
174 177
175 177
176 177
161 178
162 178
163 178
164 178
165 178
166 178
167 178
168 178
169 178
170 178
171 178
172 178
173 178
174 178
175 178
176 178
177 178
161 179
162 179
163 179
164 179
165 179
166 179
167 179
168 179
169 179
170 179
171 179
172 179
173 179
174 179
175 179
176 179
177 179
178 179
161 180
162 180
163 180
164 180
165 180
166 180
167 180
168 180
169 180
170 180
171 180
172 180
173 180
174 180
175 180
176 180
177 180
178 180
179 180
161 181
162 181
163 181
164 181
165 181
166 181
167 181
168 181
169 181
170 181
171 181
172 181
173 181
174 181
175 181
176 181
177 181
178 181
179 181
180 181
161 182
162 182
163 182
164 182
165 182
166 182
167 182
168 182
169 182
170 182
171 182
172 182
173 182
174 182
175 182
176 182
177 182
178 182
179 182
180 182
181 182
161 183
162 183
163 183
164 183
165 183
166 183
167 183
168 183
169 183
170 183
171 183
172 183
173 183
174 183
175 183
176 183
177 183
178 183
179 183
180 183
181 183
182 183
161 184
162 184
163 184
164 184
165 184
166 184
167 184
168 184
169 184
170 184
171 184
172 184
173 184
174 184
175 184
176 184
177 184
178 184
179 184
180 184
181 184
182 184
183 184
161 185
162 185
163 185
164 185
165 185
166 185
167 185
168 185
169 185
170 185
171 185
172 185
173 185
174 185
175 185
176 185
177 185
178 185
179 185
180 185
181 185
182 185
183 185
184 185
161 186
162 186
163 186
164 186
165 186
166 186
167 186
168 186
169 186
170 186
171 186
172 186
173 186
174 186
175 186
176 186
177 186
178 186
179 186
180 186
181 186
182 186
183 186
184 186
185 186
161 187
162 187
163 187
164 187
165 187
166 187
167 187
168 187
169 187
170 187
171 187
172 187
173 187
174 187
175 187
176 187
177 187
178 187
179 187
180 187
181 187
182 187
183 187
184 187
185 187
186 187
161 188
162 188
163 188
164 188
165 188
166 188
167 188
168 188
169 188
170 188
171 188
172 188
173 188
174 188
175 188
176 188
177 188
178 188
179 188
180 188
181 188
182 188
183 188
184 188
185 188
186 188
187 188
161 189
162 189
163 189
164 189
165 189
166 189
167 189
168 189
169 189
170 189
171 189
172 189
173 189
174 189
175 189
176 189
177 189
178 189
179 189
180 189
181 189
182 189
183 189
184 189
185 189
186 189
187 189
188 189
161 190
162 190
163 190
164 190
165 190
166 190
167 190
168 190
169 190
170 190
171 190
172 190
173 190
174 190
175 190
176 190
177 190
178 190
179 190
180 190
181 190
182 190
183 190
184 190
185 190
186 190
187 190
188 190
189 190
161 191
162 191
163 191
164 191
165 191
166 191
167 191
168 191
169 191
170 191
171 191
172 191
173 191
174 191
175 191
176 191
177 191
178 191
179 191
180 191
181 191
182 191
183 191
184 191
185 191
186 191
187 191
188 191
189 191
190 191
161 192
162 192
163 192
164 192
165 192
166 192
167 192
168 192
169 192
170 192
171 192
172 192
173 192
174 192
175 192
176 192
177 192
178 192
179 192
180 192
181 192
182 192
183 192
184 192
185 192
186 192
187 192
188 192
189 192
190 192
191 192
161 193
162 193
163 193
164 193
165 193
166 193
167 193
168 193
169 193
170 193
171 193
172 193
173 193
174 193
175 193
176 193
177 193
178 193
179 193
180 193
181 193
182 193
183 193
184 193
185 193
186 193
187 193
188 193
189 193
190 193
191 193
192 193
161 194
162 194
163 194
164 194
165 194
166 194
167 194
168 194
169 194
170 194
171 194
172 194
173 194
174 194
175 194
176 194
177 194
178 194
179 194
180 194
181 194
182 194
183 194
184 194
185 194
186 194
187 194
188 194
189 194
190 194
191 194
192 194
193 194
161 195
162 195
163 195
164 195
165 195
166 195
167 195
168 195
169 195
170 195
171 195
172 195
173 195
174 195
175 195
176 195
177 195
178 195
179 195
180 195
181 195
182 195
183 195
184 195
185 195
186 195
187 195
188 195
189 195
190 195
191 195
192 195
193 195
194 195
161 196
162 196
163 196
164 196
165 196
166 196
167 196
168 196
169 196
170 196
171 196
172 196
173 196
174 196
175 196
176 196
177 196
178 196
179 196
180 196
181 196
182 196
183 196
184 196
185 196
186 196
187 196
188 196
189 196
190 196
191 196
192 196
193 196
194 196
195 196
161 197
162 197
163 197
164 197
165 197
166 197
167 197
168 197
169 197
170 197
171 197
172 197
173 197
174 197
175 197
176 197
177 197
178 197
179 197
180 197
181 197
182 197
183 197
184 197
185 197
186 197
187 197
188 197
189 197
190 197
191 197
192 197
193 197
194 197
195 197
196 197
161 198
162 198
163 198
164 198
165 198
166 198
167 198
168 198
169 198
170 198
171 198
172 198
173 198
174 198
175 198
176 198
177 198
178 198
179 198
180 198
181 198
182 198
183 198
184 198
185 198
186 198
187 198
188 198
189 198
190 198
191 198
192 198
193 198
194 198
195 198
196 198
197 198
161 199
162 199
163 199
164 199
165 199
166 199
167 199
168 199
169 199
170 199
171 199
172 199
173 199
174 199
175 199
176 199
177 199
178 199
179 199
180 199
181 199
182 199
183 199
184 199
185 199
186 199
187 199
188 199
189 199
190 199
191 199
192 199
193 199
194 199
195 199
196 199
197 199
198 199
161 200
162 200
163 200
164 200
165 200
166 200
167 200
168 200
169 200
170 200
171 200
172 200
173 200
174 200
175 200
176 200
177 200
178 200
179 200
180 200
181 200
182 200
183 200
184 200
185 200
186 200
187 200
188 200
189 200
190 200
191 200
192 200
193 200
194 200
195 200
196 200
197 200
198 200
199 200
201 202
201 203
202 203
201 204
202 204
203 204
201 205
202 205
203 205
204 205
201 206
202 206
203 206
204 206
205 206
201 207
202 207
203 207
204 207
205 207
206 207
201 208
202 208
203 208
204 208
205 208
206 208
207 208
201 209
202 209
203 209
204 209
205 209
206 209
207 209
208 209
201 210
202 210
203 210
204 210
205 210
206 210
207 210
208 210
209 210
201 211
202 211
203 211
204 211
205 211
206 211
207 211
208 211
209 211
210 211
201 212
202 212
203 212
204 212
205 212
206 212
207 212
208 212
209 212
210 212
211 212
201 213
202 213
203 213
204 213
205 213
206 213
207 213
208 213
209 213
210 213
211 213
212 213
201 214
202 214
203 214
204 214
205 214
206 214
207 214
208 214
209 214
210 214
211 214
212 214
213 214
201 215
202 215
203 215
204 215
205 215
206 215
207 215
208 215
209 215
210 215
211 215
212 215
213 215
214 215
201 216
202 216
203 216
204 216
205 216
206 216
207 216
208 216
209 216
210 216
211 216
212 216
213 216
214 216
215 216
201 217
202 217
203 217
204 217
205 217
206 217
207 217
208 217
209 217
210 217
211 217
212 217
213 217
214 217
215 217
216 217
201 218
202 218
203 218
204 218
205 218
206 218
207 218
208 218
209 218
210 218
211 218
212 218
213 218
214 218
215 218
216 218
217 218
201 219
202 219
203 219
204 219
205 219
206 219
207 219
208 219
209 219
210 219
211 219
212 219
213 219
214 219
215 219
216 219
217 219
218 219
201 220
202 220
203 220
204 220
205 220
206 220
207 220
208 220
209 220
210 220
211 220
212 220
213 220
214 220
215 220
216 220
217 220
218 220
219 220
201 221
202 221
203 221
204 221
205 221
206 221
207 221
208 221
209 221
210 221
211 221
212 221
213 221
214 221
215 221
216 221
217 221
218 221
219 221
220 221
201 222
202 222
203 222
204 222
205 222
206 222
207 222
208 222
209 222
210 222
211 222
212 222
213 222
214 222
215 222
216 222
217 222
218 222
219 222
220 222
221 222
201 223
202 223
203 223
204 223
205 223
206 223
207 223
208 223
209 223
210 223
211 223
212 223
213 223
214 223
215 223
216 223
217 223
218 223
219 223
220 223
221 223
222 223
201 224
202 224
203 224
204 224
205 224
206 224
207 224
208 224
209 224
210 224
211 224
212 224
213 224
214 224
215 224
216 224
217 224
218 224
219 224
220 224
221 224
222 224
223 224
201 225
202 225
203 225
204 225
205 225
206 225
207 225
208 225
209 225
210 225
211 225
212 225
213 225
214 225
215 225
216 225
217 225
218 225
219 225
220 225
221 225
222 225
223 225
224 225
201 226
202 226
203 226
204 226
205 226
206 226
207 226
208 226
209 226
210 226
211 226
212 226
213 226
214 226
215 226
216 226
217 226
218 226
219 226
220 226
221 226
222 226
223 226
224 226
225 226
201 227
202 227
203 227
204 227
205 227
206 227
207 227
208 227
209 227
210 227
211 227
212 227
213 227
214 227
215 227
216 227
217 227
218 227
219 227
220 227
221 227
222 227
223 227
224 227
225 227
226 227
201 228
202 228
203 228
204 228
205 228
206 228
207 228
208 228
209 228
210 228
211 228
212 228
213 228
214 228
215 228
216 228
217 228
218 228
219 228
220 228
221 228
222 228
223 228
224 228
225 228
226 228
227 228
201 229
202 229
203 229
204 229
205 229
206 229
207 229
208 229
209 229
210 229
211 229
212 229
213 229
214 229
215 229
216 229
217 229
218 229
219 229
220 229
221 229
222 229
223 229
224 229
225 229
226 229
227 229
228 229
201 230
202 230
203 230
204 230
205 230
206 230
207 230
208 230
209 230
210 230
211 230
212 230
213 230
214 230
215 230
216 230
217 230
218 230
219 230
220 230
221 230
222 230
223 230
224 230
225 230
226 230
227 230
228 230
229 230
201 231
202 231
203 231
204 231
205 231
206 231
207 231
208 231
209 231
210 231
211 231
212 231
213 231
214 231
215 231
216 231
217 231
218 231
219 231
220 231
221 231
222 231
223 231
224 231
225 231
226 231
227 231
228 231
229 231
230 231
201 232
202 232
203 232
204 232
205 232
206 232
207 232
208 232
209 232
210 232
211 232
212 232
213 232
214 232
215 232
216 232
217 232
218 232
219 232
220 232
221 232
222 232
223 232
224 232
225 232
226 232
227 232
228 232
229 232
230 232
231 232
201 233
202 233
203 233
204 233
205 233
206 233
207 233
208 233
209 233
210 233
211 233
212 233
213 233
214 233
215 233
216 233
217 233
218 233
219 233
220 233
221 233
222 233
223 233
224 233
225 233
226 233
227 233
228 233
229 233
230 233
231 233
232 233
201 234
202 234
203 234
204 234
205 234
206 234
207 234
208 234
209 234
210 234
211 234
212 234
213 234
214 234
215 234
216 234
217 234
218 234
219 234
220 234
221 234
222 234
223 234
224 234
225 234
226 234
227 234
228 234
229 234
230 234
231 234
232 234
233 234
201 235
202 235
203 235
204 235
205 235
206 235
207 235
208 235
209 235
210 235
211 235
212 235
213 235
214 235
215 235
216 235
217 235
218 235
219 235
220 235
221 235
222 235
223 235
224 235
225 235
226 235
227 235
228 235
229 235
230 235
231 235
232 235
233 235
234 235
201 236
202 236
203 236
204 236
205 236
206 236
207 236
208 236
209 236
210 236
211 236
212 236
213 236
214 236
215 236
216 236
217 236
218 236
219 236
220 236
221 236
222 236
223 236
224 236
225 236
226 236
227 236
228 236
229 236
230 236
231 236
232 236
233 236
234 236
235 236
201 237
202 237
203 237
204 237
205 237
206 237
207 237
208 237
209 237
210 237
211 237
212 237
213 237
214 237
215 237
216 237
217 237
218 237
219 237
220 237
221 237
222 237
223 237
224 237
225 237
226 237
227 237
228 237
229 237
230 237
231 237
232 237
233 237
234 237
235 237
236 237
201 238
202 238
203 238
204 238
205 238
206 238
207 238
208 238
209 238
210 238
211 238
212 238
213 238
214 238
215 238
216 238
217 238
218 238
219 238
220 238
221 238
222 238
223 238
224 238
225 238
226 238
227 238
228 238
229 238
230 238
231 238
232 238
233 238
234 238
235 238
236 238
237 238
201 239
202 239
203 239
204 239
205 239
206 239
207 239
208 239
209 239
210 239
211 239
212 239
213 239
214 239
215 239
216 239
217 239
218 239
219 239
220 239
221 239
222 239
223 239
224 239
225 239
226 239
227 239
228 239
229 239
230 239
231 239
232 239
233 239
234 239
235 239
236 239
237 239
238 239
201 240
202 240
203 240
204 240
205 240
206 240
207 240
208 240
209 240
210 240
211 240
212 240
213 240
214 240
215 240
216 240
217 240
218 240
219 240
220 240
221 240
222 240
223 240
224 240
225 240
226 240
227 240
228 240
229 240
230 240
231 240
232 240
233 240
234 240
235 240
236 240
237 240
238 240
239 240
241 242
241 243
242 243
241 244
242 244
243 244
241 245
242 245
243 245
244 245
241 246
242 246
243 246
244 246
245 246
241 247
242 247
243 247
244 247
245 247
246 247
241 248
242 248
243 248
244 248
245 248
246 248
247 248
241 249
242 249
243 249
244 249
245 249
246 249
247 249
248 249
241 250
242 250
243 250
244 250
245 250
246 250
247 250
248 250
249 250
241 251
242 251
243 251
244 251
245 251
246 251
247 251
248 251
249 251
250 251
241 252
242 252
243 252
244 252
245 252
246 252
247 252
248 252
249 252
250 252
251 252
241 253
242 253
243 253
244 253
245 253
246 253
247 253
248 253
249 253
250 253
251 253
252 253
241 254
242 254
243 254
244 254
245 254
246 254
247 254
248 254
249 254
250 254
251 254
252 254
253 254
241 255
242 255
243 255
244 255
245 255
246 255
247 255
248 255
249 255
250 255
251 255
252 255
253 255
254 255
241 256
242 256
243 256
244 256
245 256
246 256
247 256
248 256
249 256
250 256
251 256
252 256
253 256
254 256
255 256
241 257
242 257
243 257
244 257
245 257
246 257
247 257
248 257
249 257
250 257
251 257
252 257
253 257
254 257
255 257
256 257
241 258
242 258
243 258
244 258
245 258
246 258
247 258
248 258
249 258
250 258
251 258
252 258
253 258
254 258
255 258
256 258
257 258
241 259
242 259
243 259
244 259
245 259
246 259
247 259
248 259
249 259
250 259
251 259
252 259
253 259
254 259
255 259
256 259
257 259
258 259
241 260
242 260
243 260
244 260
245 260
246 260
247 260
248 260
249 260
250 260
251 260
252 260
253 260
254 260
255 260
256 260
257 260
258 260
259 260
241 261
242 261
243 261
244 261
245 261
246 261
247 261
248 261
249 261
250 261
251 261
252 261
253 261
254 261
255 261
256 261
257 261
258 261
259 261
260 261
241 262
242 262
243 262
244 262
245 262
246 262
247 262
248 262
249 262
250 262
251 262
252 262
253 262
254 262
255 262
256 262
257 262
258 262
259 262
260 262
261 262
241 263
242 263
243 263
244 263
245 263
246 263
247 263
248 263
249 263
250 263
251 263
252 263
253 263
254 263
255 263
256 263
257 263
258 263
259 263
260 263
261 263
262 263
241 264
242 264
243 264
244 264
245 264
246 264
247 264
248 264
249 264
250 264
251 264
252 264
253 264
254 264
255 264
256 264
257 264
258 264
259 264
260 264
261 264
262 264
263 264
241 265
242 265
243 265
244 265
245 265
246 265
247 265
248 265
249 265
250 265
251 265
252 265
253 265
254 265
255 265
256 265
257 265
258 265
259 265
260 265
261 265
262 265
263 265
264 265
241 266
242 266
243 266
244 266
245 266
246 266
247 266
248 266
249 266
250 266
251 266
252 266
253 266
254 266
255 266
256 266
257 266
258 266
259 266
260 266
261 266
262 266
263 266
264 266
265 266
241 267
242 267
243 267
244 267
245 267
246 267
247 267
248 267
249 267
250 267
251 267
252 267
253 267
254 267
255 267
256 267
257 267
258 267
259 267
260 267
261 267
262 267
263 267
264 267
265 267
266 267
241 268
242 268
243 268
244 268
245 268
246 268
247 268
248 268
249 268
250 268
251 268
252 268
253 268
254 268
255 268
256 268
257 268
258 268
259 268
260 268
261 268
262 268
263 268
264 268
265 268
266 268
267 268
241 269
242 269
243 269
244 269
245 269
246 269
247 269
248 269
249 269
250 269
251 269
252 269
253 269
254 269
255 269
256 269
257 269
258 269
259 269
260 269
261 269
262 269
263 269
264 269
265 269
266 269
267 269
268 269
241 270
242 270
243 270
244 270
245 270
246 270
247 270
248 270
249 270
250 270
251 270
252 270
253 270
254 270
255 270
256 270
257 270
258 270
259 270
260 270
261 270
262 270
263 270
264 270
265 270
266 270
267 270
268 270
269 270
241 271
242 271
243 271
244 271
245 271
246 271
247 271
248 271
249 271
250 271
251 271
252 271
253 271
254 271
255 271
256 271
257 271
258 271
259 271
260 271
261 271
262 271
263 271
264 271
265 271
266 271
267 271
268 271
269 271
270 271
241 272
242 272
243 272
244 272
245 272
246 272
247 272
248 272
249 272
250 272
251 272
252 272
253 272
254 272
255 272
256 272
257 272
258 272
259 272
260 272
261 272
262 272
263 272
264 272
265 272
266 272
267 272
268 272
269 272
270 272
271 272
241 273
242 273
243 273
244 273
245 273
246 273
247 273
248 273
249 273
250 273
251 273
252 273
253 273
254 273
255 273
256 273
257 273
258 273
259 273
260 273
261 273
262 273
263 273
264 273
265 273
266 273
267 273
268 273
269 273
270 273
271 273
272 273
241 274
242 274
243 274
244 274
245 274
246 274
247 274
248 274
249 274
250 274
251 274
252 274
253 274
254 274
255 274
256 274
257 274
258 274
259 274
260 274
261 274
262 274
263 274
264 274
265 274
266 274
267 274
268 274
269 274
270 274
271 274
272 274
273 274
241 275
242 275
243 275
244 275
245 275
246 275
247 275
248 275
249 275
250 275
251 275
252 275
253 275
254 275
255 275
256 275
257 275
258 275
259 275
260 275
261 275
262 275
263 275
264 275
265 275
266 275
267 275
268 275
269 275
270 275
271 275
272 275
273 275
274 275
241 276
242 276
243 276
244 276
245 276
246 276
247 276
248 276
249 276
250 276
251 276
252 276
253 276
254 276
255 276
256 276
257 276
258 276
259 276
260 276
261 276
262 276
263 276
264 276
265 276
266 276
267 276
268 276
269 276
270 276
271 276
272 276
273 276
274 276
275 276
241 277
242 277
243 277
244 277
245 277
246 277
247 277
248 277
249 277
250 277
251 277
252 277
253 277
254 277
255 277
256 277
257 277
258 277
259 277
260 277
261 277
262 277
263 277
264 277
265 277
266 277
267 277
268 277
269 277
270 277
271 277
272 277
273 277
274 277
275 277
276 277
241 278
242 278
243 278
244 278
245 278
246 278
247 278
248 278
249 278
250 278
251 278
252 278
253 278
254 278
255 278
256 278
257 278
258 278
259 278
260 278
261 278
262 278
263 278
264 278
265 278
266 278
267 278
268 278
269 278
270 278
271 278
272 278
273 278
274 278
275 278
276 278
277 278
241 279
242 279
243 279
244 279
245 279
246 279
247 279
248 279
249 279
250 279
251 279
252 279
253 279
254 279
255 279
256 279
257 279
258 279
259 279
260 279
261 279
262 279
263 279
264 279
265 279
266 279
267 279
268 279
269 279
270 279
271 279
272 279
273 279
274 279
275 279
276 279
277 279
278 279
241 280
242 280
243 280
244 280
245 280
246 280
247 280
248 280
249 280
250 280
251 280
252 280
253 280
254 280
255 280
256 280
257 280
258 280
259 280
260 280
261 280
262 280
263 280
264 280
265 280
266 280
267 280
268 280
269 280
270 280
271 280
272 280
273 280
274 280
275 280
276 280
277 280
278 280
279 280
281 282
281 283
282 283
281 284
282 284
283 284
281 285
282 285
283 285
284 285
281 286
282 286
283 286
284 286
285 286
281 287
282 287
283 287
284 287
285 287
286 287
281 288
282 288
283 288
284 288
285 288
286 288
287 288
281 289
282 289
283 289
284 289
285 289
286 289
287 289
288 289
281 290
282 290
283 290
284 290
285 290
286 290
287 290
288 290
289 290
281 291
282 291
283 291
284 291
285 291
286 291
287 291
288 291
289 291
290 291
281 292
282 292
283 292
284 292
285 292
286 292
287 292
288 292
289 292
290 292
291 292
281 293
282 293
283 293
284 293
285 293
286 293
287 293
288 293
289 293
290 293
291 293
292 293
281 294
282 294
283 294
284 294
285 294
286 294
287 294
288 294
289 294
290 294
291 294
292 294
293 294
281 295
282 295
283 295
284 295
285 295
286 295
287 295
288 295
289 295
290 295
291 295
292 295
293 295
294 295
281 296
282 296
283 296
284 296
285 296
286 296
287 296
288 296
289 296
290 296
291 296
292 296
293 296
294 296
295 296
281 297
282 297
283 297
284 297
285 297
286 297
287 297
288 297
289 297
290 297
291 297
292 297
293 297
294 297
295 297
296 297
281 298
282 298
283 298
284 298
285 298
286 298
287 298
288 298
289 298
290 298
291 298
292 298
293 298
294 298
295 298
296 298
297 298
281 299
282 299
283 299
284 299
285 299
286 299
287 299
288 299
289 299
290 299
291 299
292 299
293 299
294 299
295 299
296 299
297 299
298 299
281 300
282 300
283 300
284 300
285 300
286 300
287 300
288 300
289 300
290 300
291 300
292 300
293 300
294 300
295 300
296 300
297 300
298 300
299 300
281 301
282 301
283 301
284 301
285 301
286 301
287 301
288 301
289 301
290 301
291 301
292 301
293 301
294 301
295 301
296 301
297 301
298 301
299 301
300 301
281 302
282 302
283 302
284 302
285 302
286 302
287 302
288 302
289 302
290 302
291 302
292 302
293 302
294 302
295 302
296 302
297 302
298 302
299 302
300 302
301 302
281 303
282 303
283 303
284 303
285 303
286 303
287 303
288 303
289 303
290 303
291 303
292 303
293 303
294 303
295 303
296 303
297 303
298 303
299 303
300 303
301 303
302 303
281 304
282 304
283 304
284 304
285 304
286 304
287 304
288 304
289 304
290 304
291 304
292 304
293 304
294 304
295 304
296 304
297 304
298 304
299 304
300 304
301 304
302 304
303 304
281 305
282 305
283 305
284 305
285 305
286 305
287 305
288 305
289 305
290 305
291 305
292 305
293 305
294 305
295 305
296 305
297 305
298 305
299 305
300 305
301 305
302 305
303 305
304 305
281 306
282 306
283 306
284 306
285 306
286 306
287 306
288 306
289 306
290 306
291 306
292 306
293 306
294 306
295 306
296 306
297 306
298 306
299 306
300 306
301 306
302 306
303 306
304 306
305 306
281 307
282 307
283 307
284 307
285 307
286 307
287 307
288 307
289 307
290 307
291 307
292 307
293 307
294 307
295 307
296 307
297 307
298 307
299 307
300 307
301 307
302 307
303 307
304 307
305 307
306 307
281 308
282 308
283 308
284 308
285 308
286 308
287 308
288 308
289 308
290 308
291 308
292 308
293 308
294 308
295 308
296 308
297 308
298 308
299 308
300 308
301 308
302 308
303 308
304 308
305 308
306 308
307 308
281 309
282 309
283 309
284 309
285 309
286 309
287 309
288 309
289 309
290 309
291 309
292 309
293 309
294 309
295 309
296 309
297 309
298 309
299 309
300 309
301 309
302 309
303 309
304 309
305 309
306 309
307 309
308 309
281 310
282 310
283 310
284 310
285 310
286 310
287 310
288 310
289 310
290 310
291 310
292 310
293 310
294 310
295 310
296 310
297 310
298 310
299 310
300 310
301 310
302 310
303 310
304 310
305 310
306 310
307 310
308 310
309 310
281 311
282 311
283 311
284 311
285 311
286 311
287 311
288 311
289 311
290 311
291 311
292 311
293 311
294 311
295 311
296 311
297 311
298 311
299 311
300 311
301 311
302 311
303 311
304 311
305 311
306 311
307 311
308 311
309 311
310 311
281 312
282 312
283 312
284 312
285 312
286 312
287 312
288 312
289 312
290 312
291 312
292 312
293 312
294 312
295 312
296 312
297 312
298 312
299 312
300 312
301 312
302 312
303 312
304 312
305 312
306 312
307 312
308 312
309 312
310 312
311 312
281 313
282 313
283 313
284 313
285 313
286 313
287 313
288 313
289 313
290 313
291 313
292 313
293 313
294 313
295 313
296 313
297 313
298 313
299 313
300 313
301 313
302 313
303 313
304 313
305 313
306 313
307 313
308 313
309 313
310 313
311 313
312 313
281 314
282 314
283 314
284 314
285 314
286 314
287 314
288 314
289 314
290 314
291 314
292 314
293 314
294 314
295 314
296 314
297 314
298 314
299 314
300 314
301 314
302 314
303 314
304 314
305 314
306 314
307 314
308 314
309 314
310 314
311 314
312 314
313 314
281 315
282 315
283 315
284 315
285 315
286 315
287 315
288 315
289 315
290 315
291 315
292 315
293 315
294 315
295 315
296 315
297 315
298 315
299 315
300 315
301 315
302 315
303 315
304 315
305 315
306 315
307 315
308 315
309 315
310 315
311 315
312 315
313 315
314 315
281 316
282 316
283 316
284 316
285 316
286 316
287 316
288 316
289 316
290 316
291 316
292 316
293 316
294 316
295 316
296 316
297 316
298 316
299 316
300 316
301 316
302 316
303 316
304 316
305 316
306 316
307 316
308 316
309 316
310 316
311 316
312 316
313 316
314 316
315 316
281 317
282 317
283 317
284 317
285 317
286 317
287 317
288 317
289 317
290 317
291 317
292 317
293 317
294 317
295 317
296 317
297 317
298 317
299 317
300 317
301 317
302 317
303 317
304 317
305 317
306 317
307 317
308 317
309 317
310 317
311 317
312 317
313 317
314 317
315 317
316 317
281 318
282 318
283 318
284 318
285 318
286 318
287 318
288 318
289 318
290 318
291 318
292 318
293 318
294 318
295 318
296 318
297 318
298 318
299 318
300 318
301 318
302 318
303 318
304 318
305 318
306 318
307 318
308 318
309 318
310 318
311 318
312 318
313 318
314 318
315 318
316 318
317 318
281 319
282 319
283 319
284 319
285 319
286 319
287 319
288 319
289 319
290 319
291 319
292 319
293 319
294 319
295 319
296 319
297 319
298 319
299 319
300 319
301 319
302 319
303 319
304 319
305 319
306 319
307 319
308 319
309 319
310 319
311 319
312 319
313 319
314 319
315 319
316 319
317 319
318 319
281 320
282 320
283 320
284 320
285 320
286 320
287 320
288 320
289 320
290 320
291 320
292 320
293 320
294 320
295 320
296 320
297 320
298 320
299 320
300 320
301 320
302 320
303 320
304 320
305 320
306 320
307 320
308 320
309 320
310 320
311 320
312 320
313 320
314 320
315 320
316 320
317 320
318 320
319 320
321 322
321 323
322 323
321 324
322 324
323 324
321 325
322 325
323 325
324 325
321 326
322 326
323 326
324 326
325 326
321 327
322 327
323 327
324 327
325 327
326 327
321 328
322 328
323 328
324 328
325 328
326 328
327 328
321 329
322 329
323 329
324 329
325 329
326 329
327 329
328 329
321 330
322 330
323 330
324 330
325 330
326 330
327 330
328 330
329 330
321 331
322 331
323 331
324 331
325 331
326 331
327 331
328 331
329 331
330 331
321 332
322 332
323 332
324 332
325 332
326 332
327 332
328 332
329 332
330 332
331 332
321 333
322 333
323 333
324 333
325 333
326 333
327 333
328 333
329 333
330 333
331 333
332 333
321 334
322 334
323 334
324 334
325 334
326 334
327 334
328 334
329 334
330 334
331 334
332 334
333 334
321 335
322 335
323 335
324 335
325 335
326 335
327 335
328 335
329 335
330 335
331 335
332 335
333 335
334 335
321 336
322 336
323 336
324 336
325 336
326 336
327 336
328 336
329 336
330 336
331 336
332 336
333 336
334 336
335 336
321 337
322 337
323 337
324 337
325 337
326 337
327 337
328 337
329 337
330 337
331 337
332 337
333 337
334 337
335 337
336 337
321 338
322 338
323 338
324 338
325 338
326 338
327 338
328 338
329 338
330 338
331 338
332 338
333 338
334 338
335 338
336 338
337 338
321 339
322 339
323 339
324 339
325 339
326 339
327 339
328 339
329 339
330 339
331 339
332 339
333 339
334 339
335 339
336 339
337 339
338 339
321 340
322 340
323 340
324 340
325 340
326 340
327 340
328 340
329 340
330 340
331 340
332 340
333 340
334 340
335 340
336 340
337 340
338 340
339 340
321 341
322 341
323 341
324 341
325 341
326 341
327 341
328 341
329 341
330 341
331 341
332 341
333 341
334 341
335 341
336 341
337 341
338 341
339 341
340 341
321 342
322 342
323 342
324 342
325 342
326 342
327 342
328 342
329 342
330 342
331 342
332 342
333 342
334 342
335 342
336 342
337 342
338 342
339 342
340 342
341 342
321 343
322 343
323 343
324 343
325 343
326 343
327 343
328 343
329 343
330 343
331 343
332 343
333 343
334 343
335 343
336 343
337 343
338 343
339 343
340 343
341 343
342 343
321 344
322 344
323 344
324 344
325 344
326 344
327 344
328 344
329 344
330 344
331 344
332 344
333 344
334 344
335 344
336 344
337 344
338 344
339 344
340 344
341 344
342 344
343 344
321 345
322 345
323 345
324 345
325 345
326 345
327 345
328 345
329 345
330 345
331 345
332 345
333 345
334 345
335 345
336 345
337 345
338 345
339 345
340 345
341 345
342 345
343 345
344 345
321 346
322 346
323 346
324 346
325 346
326 346
327 346
328 346
329 346
330 346
331 346
332 346
333 346
334 346
335 346
336 346
337 346
338 346
339 346
340 346
341 346
342 346
343 346
344 346
345 346
321 347
322 347
323 347
324 347
325 347
326 347
327 347
328 347
329 347
330 347
331 347
332 347
333 347
334 347
335 347
336 347
337 347
338 347
339 347
340 347
341 347
342 347
343 347
344 347
345 347
346 347
321 348
322 348
323 348
324 348
325 348
326 348
327 348
328 348
329 348
330 348
331 348
332 348
333 348
334 348
335 348
336 348
337 348
338 348
339 348
340 348
341 348
342 348
343 348
344 348
345 348
346 348
347 348
321 349
322 349
323 349
324 349
325 349
326 349
327 349
328 349
329 349
330 349
331 349
332 349
333 349
334 349
335 349
336 349
337 349
338 349
339 349
340 349
341 349
342 349
343 349
344 349
345 349
346 349
347 349
348 349
321 350
322 350
323 350
324 350
325 350
326 350
327 350
328 350
329 350
330 350
331 350
332 350
333 350
334 350
335 350
336 350
337 350
338 350
339 350
340 350
341 350
342 350
343 350
344 350
345 350
346 350
347 350
348 350
349 350
321 351
322 351
323 351
324 351
325 351
326 351
327 351
328 351
329 351
330 351
331 351
332 351
333 351
334 351
335 351
336 351
337 351
338 351
339 351
340 351
341 351
342 351
343 351
344 351
345 351
346 351
347 351
348 351
349 351
350 351
321 352
322 352
323 352
324 352
325 352
326 352
327 352
328 352
329 352
330 352
331 352
332 352
333 352
334 352
335 352
336 352
337 352
338 352
339 352
340 352
341 352
342 352
343 352
344 352
345 352
346 352
347 352
348 352
349 352
350 352
351 352
321 353
322 353
323 353
324 353
325 353
326 353
327 353
328 353
329 353
330 353
331 353
332 353
333 353
334 353
335 353
336 353
337 353
338 353
339 353
340 353
341 353
342 353
343 353
344 353
345 353
346 353
347 353
348 353
349 353
350 353
351 353
352 353
321 354
322 354
323 354
324 354
325 354
326 354
327 354
328 354
329 354
330 354
331 354
332 354
333 354
334 354
335 354
336 354
337 354
338 354
339 354
340 354
341 354
342 354
343 354
344 354
345 354
346 354
347 354
348 354
349 354
350 354
351 354
352 354
353 354
321 355
322 355
323 355
324 355
325 355
326 355
327 355
328 355
329 355
330 355
331 355
332 355
333 355
334 355
335 355
336 355
337 355
338 355
339 355
340 355
341 355
342 355
343 355
344 355
345 355
346 355
347 355
348 355
349 355
350 355
351 355
352 355
353 355
354 355
321 356
322 356
323 356
324 356
325 356
326 356
327 356
328 356
329 356
330 356
331 356
332 356
333 356
334 356
335 356
336 356
337 356
338 356
339 356
340 356
341 356
342 356
343 356
344 356
345 356
346 356
347 356
348 356
349 356
350 356
351 356
352 356
353 356
354 356
355 356
321 357
322 357
323 357
324 357
325 357
326 357
327 357
328 357
329 357
330 357
331 357
332 357
333 357
334 357
335 357
336 357
337 357
338 357
339 357
340 357
341 357
342 357
343 357
344 357
345 357
346 357
347 357
348 357
349 357
350 357
351 357
352 357
353 357
354 357
355 357
356 357
321 358
322 358
323 358
324 358
325 358
326 358
327 358
328 358
329 358
330 358
331 358
332 358
333 358
334 358
335 358
336 358
337 358
338 358
339 358
340 358
341 358
342 358
343 358
344 358
345 358
346 358
347 358
348 358
349 358
350 358
351 358
352 358
353 358
354 358
355 358
356 358
357 358
321 359
322 359
323 359
324 359
325 359
326 359
327 359
328 359
329 359
330 359
331 359
332 359
333 359
334 359
335 359
336 359
337 359
338 359
339 359
340 359
341 359
342 359
343 359
344 359
345 359
346 359
347 359
348 359
349 359
350 359
351 359
352 359
353 359
354 359
355 359
356 359
357 359
358 359
321 360
322 360
323 360
324 360
325 360
326 360
327 360
328 360
329 360
330 360
331 360
332 360
333 360
334 360
335 360
336 360
337 360
338 360
339 360
340 360
341 360
342 360
343 360
344 360
345 360
346 360
347 360
348 360
349 360
350 360
351 360
352 360
353 360
354 360
355 360
356 360
357 360
358 360
359 360
361 362
361 363
362 363
361 364
362 364
363 364
361 365
362 365
363 365
364 365
361 366
362 366
363 366
364 366
365 366
361 367
362 367
363 367
364 367
365 367
366 367
361 368
362 368
363 368
364 368
365 368
366 368
367 368
361 369
362 369
363 369
364 369
365 369
366 369
367 369
368 369
361 370
362 370
363 370
364 370
365 370
366 370
367 370
368 370
369 370
361 371
362 371
363 371
364 371
365 371
366 371
367 371
368 371
369 371
370 371
361 372
362 372
363 372
364 372
365 372
366 372
367 372
368 372
369 372
370 372
371 372
361 373
362 373
363 373
364 373
365 373
366 373
367 373
368 373
369 373
370 373
371 373
372 373
361 374
362 374
363 374
364 374
365 374
366 374
367 374
368 374
369 374
370 374
371 374
372 374
373 374
361 375
362 375
363 375
364 375
365 375
366 375
367 375
368 375
369 375
370 375
371 375
372 375
373 375
374 375
361 376
362 376
363 376
364 376
365 376
366 376
367 376
368 376
369 376
370 376
371 376
372 376
373 376
374 376
375 376
361 377
362 377
363 377
364 377
365 377
366 377
367 377
368 377
369 377
370 377
371 377
372 377
373 377
374 377
375 377
376 377
361 378
362 378
363 378
364 378
365 378
366 378
367 378
368 378
369 378
370 378
371 378
372 378
373 378
374 378
375 378
376 378
377 378
361 379
362 379
363 379
364 379
365 379
366 379
367 379
368 379
369 379
370 379
371 379
372 379
373 379
374 379
375 379
376 379
377 379
378 379
361 380
362 380
363 380
364 380
365 380
366 380
367 380
368 380
369 380
370 380
371 380
372 380
373 380
374 380
375 380
376 380
377 380
378 380
379 380
361 381
362 381
363 381
364 381
365 381
366 381
367 381
368 381
369 381
370 381
371 381
372 381
373 381
374 381
375 381
376 381
377 381
378 381
379 381
380 381
361 382
362 382
363 382
364 382
365 382
366 382
367 382
368 382
369 382
370 382
371 382
372 382
373 382
374 382
375 382
376 382
377 382
378 382
379 382
380 382
381 382
361 383
362 383
363 383
364 383
365 383
366 383
367 383
368 383
369 383
370 383
371 383
372 383
373 383
374 383
375 383
376 383
377 383
378 383
379 383
380 383
381 383
382 383
361 384
362 384
363 384
364 384
365 384
366 384
367 384
368 384
369 384
370 384
371 384
372 384
373 384
374 384
375 384
376 384
377 384
378 384
379 384
380 384
381 384
382 384
383 384
361 385
362 385
363 385
364 385
365 385
366 385
367 385
368 385
369 385
370 385
371 385
372 385
373 385
374 385
375 385
376 385
377 385
378 385
379 385
380 385
381 385
382 385
383 385
384 385
361 386
362 386
363 386
364 386
365 386
366 386
367 386
368 386
369 386
370 386
371 386
372 386
373 386
374 386
375 386
376 386
377 386
378 386
379 386
380 386
381 386
382 386
383 386
384 386
385 386
361 387
362 387
363 387
364 387
365 387
366 387
367 387
368 387
369 387
370 387
371 387
372 387
373 387
374 387
375 387
376 387
377 387
378 387
379 387
380 387
381 387
382 387
383 387
384 387
385 387
386 387
361 388
362 388
363 388
364 388
365 388
366 388
367 388
368 388
369 388
370 388
371 388
372 388
373 388
374 388
375 388
376 388
377 388
378 388
379 388
380 388
381 388
382 388
383 388
384 388
385 388
386 388
387 388
361 389
362 389
363 389
364 389
365 389
366 389
367 389
368 389
369 389
370 389
371 389
372 389
373 389
374 389
375 389
376 389
377 389
378 389
379 389
380 389
381 389
382 389
383 389
384 389
385 389
386 389
387 389
388 389
361 390
362 390
363 390
364 390
365 390
366 390
367 390
368 390
369 390
370 390
371 390
372 390
373 390
374 390
375 390
376 390
377 390
378 390
379 390
380 390
381 390
382 390
383 390
384 390
385 390
386 390
387 390
388 390
389 390
361 391
362 391
363 391
364 391
365 391
366 391
367 391
368 391
369 391
370 391
371 391
372 391
373 391
374 391
375 391
376 391
377 391
378 391
379 391
380 391
381 391
382 391
383 391
384 391
385 391
386 391
387 391
388 391
389 391
390 391
361 392
362 392
363 392
364 392
365 392
366 392
367 392
368 392
369 392
370 392
371 392
372 392
373 392
374 392
375 392
376 392
377 392
378 392
379 392
380 392
381 392
382 392
383 392
384 392
385 392
386 392
387 392
388 392
389 392
390 392
391 392
361 393
362 393
363 393
364 393
365 393
366 393
367 393
368 393
369 393
370 393
371 393
372 393
373 393
374 393
375 393
376 393
377 393
378 393
379 393
380 393
381 393
382 393
383 393
384 393
385 393
386 393
387 393
388 393
389 393
390 393
391 393
392 393
361 394
362 394
363 394
364 394
365 394
366 394
367 394
368 394
369 394
370 394
371 394
372 394
373 394
374 394
375 394
376 394
377 394
378 394
379 394
380 394
381 394
382 394
383 394
384 394
385 394
386 394
387 394
388 394
389 394
390 394
391 394
392 394
393 394
361 395
362 395
363 395
364 395
365 395
366 395
367 395
368 395
369 395
370 395
371 395
372 395
373 395
374 395
375 395
376 395
377 395
378 395
379 395
380 395
381 395
382 395
383 395
384 395
385 395
386 395
387 395
388 395
389 395
390 395
391 395
392 395
393 395
394 395
361 396
362 396
363 396
364 396
365 396
366 396
367 396
368 396
369 396
370 396
371 396
372 396
373 396
374 396
375 396
376 396
377 396
378 396
379 396
380 396
381 396
382 396
383 396
384 396
385 396
386 396
387 396
388 396
389 396
390 396
391 396
392 396
393 396
394 396
395 396
361 397
362 397
363 397
364 397
365 397
366 397
367 397
368 397
369 397
370 397
371 397
372 397
373 397
374 397
375 397
376 397
377 397
378 397
379 397
380 397
381 397
382 397
383 397
384 397
385 397
386 397
387 397
388 397
389 397
390 397
391 397
392 397
393 397
394 397
395 397
396 397
361 398
362 398
363 398
364 398
365 398
366 398
367 398
368 398
369 398
370 398
371 398
372 398
373 398
374 398
375 398
376 398
377 398
378 398
379 398
380 398
381 398
382 398
383 398
384 398
385 398
386 398
387 398
388 398
389 398
390 398
391 398
392 398
393 398
394 398
395 398
396 398
397 398
361 399
362 399
363 399
364 399
365 399
366 399
367 399
368 399
369 399
370 399
371 399
372 399
373 399
374 399
375 399
376 399
377 399
378 399
379 399
380 399
381 399
382 399
383 399
384 399
385 399
386 399
387 399
388 399
389 399
390 399
391 399
392 399
393 399
394 399
395 399
396 399
397 399
398 399
361 400
362 400
363 400
364 400
365 400
366 400
367 400
368 400
369 400
370 400
371 400
372 400
373 400
374 400
375 400
376 400
377 400
378 400
379 400
380 400
381 400
382 400
383 400
384 400
385 400
386 400
387 400
388 400
389 400
390 400
391 400
392 400
393 400
394 400
395 400
396 400
397 400
398 400
399 400
