1000 3 1 1
145318 320464 62622
149979 66608 114925
234830 192607 303830
238724 76111 196181
310242 241420 327074
292680 153806 20093
22707 302732 59671
209381 167138 180050
154030 118818 95385
321355 162792 156370
84273 304620 311038
166065 97406 176415
127969 69511 256580
264797 182248 267499
39537 155681 107213
156376 139399 32264
166462 239750 83126
281602 225044 116987
16638 54701 104942
214819 194101 187247
239552 303008 111395
159683 22346 36628
139626 243637 241943
92828 265615 42636
178883 82538 11587
51023 310596 156032
322116 238853 100879
320808 314760 178421
236110 54045 202702
73709 264261 170123
186894 143110 241684
112892 157848 127868
192812 161501 27785
152186 156847 36001
17546 190528 74249
238601 280627 189614
158950 265287 74054
210876 64187 328955
243748 99817 300553
117735 153542 92011
183549 151623 55018
90235 25700 62509
83599 311637 68352
265012 170461 153390
269075 118081 331593
265797 179823 266421
9503 19100 143304
62477 94768 77700
96715 59704 58537
143327 205210 275711
249485 176599 183639
57016 67881 292664
174002 102345 58199
64985 125579 67497
51800 281276 75345
310265 75615 218010
131547 297088 177196
90626 245783 151193
246116 34127 135747
27328 245898 273938
190181 288703 191139
223868 123979 5733
255756 148268 230451
288172 298746 300949
265760 196000 157801
225302 38116 49846
239378 126086 117524
24213 133343 120262
154011 148814 321978
44195 256312 219667
276998 182321 289050
78314 158034 89781
248390 196344 160264
177217 161223 70326
242553 259638 291996
100127 112849 34111
79805 154469 269146
161709 307475 83961
148556 107249 198763
309577 236071 110996
73958 290823 155027
238645 304406 105348
191594 278821 245045
190636 126794 235160
288003 85479 235546
55097 152784 202793
259311 206267 322199
16298 264332 197304
62880 248926 960
162282 278195 183337
122192 51046 233366
224923 186900 45229
234602 311294 129589
115480 320078 247423
83285 308091 272681
289937 188930 55509
113498 125624 284995
112479 283418 189194
327455 202169 298005
142356 282821 86347
294069 17257 72266
291490 51164 287615
255545 107601 272870
312208 258408 207155
110951 141424 84999
220884 32605 59552
175076 43807 3707
286060 306434 68411
257498 122262 179524
103177 36089 62911
146742 195885 244938
294491 194447 92453
308355 217189 110416
330919 250037 273879
66441 15792 116074
317930 178513 40851
170547 257873 231058
129421 143657 67560
13157 241331 94618
93844 71947 185200
77965 85614 258651
163878 222923 144230
75257 165111 171919
49640 229944 204190
95461 139574 27401
195948 14855 234245
132796 264095 60461
181558 52821 185259
6488 274632 206493
290894 199573 331835
34183 167364 179071
313202 203145 257143
251513 110688 291961
133277 235209 129782
100130 158455 205495
137533 273301 286955
183824 90353 116767
260408 273691 33537
172259 157880 148788
238168 76383 148336
185076 230298 4599
107817 292348 329650
75227 201024 34701
123335 147965 275440
248908 295228 135292
247953 125316 81237
294906 307440 86528
43251 9746 197078
184012 284171 124721
35153 217366 292469
314423 212078 292482
64750 318316 136307
235700 61729 103222
303514 136515 113346
272122 4381 61517
118552 182990 303104
289418 233070 187931
86141 134511 257346
84156 68784 145918
100932 11231 25708
215657 171275 202218
294289 7812 175664
85456 155552 5768
153262 118043 126761
286339 228617 164947
27127 64874 141345
132369 115634 67659
332327 234202 64154
230516 38634 166220
171812 240588 248736
98057 244558 203111
201957 40357 303118
47061 151021 243271
253533 22460 112430
93605 62969 131187
9742 39412 87552
32432 38906 59792
171019 18551 302156
297059 216130 281840
91639 309458 320112
281079 122232 120759
254224 157359 301354
139870 106125 166740
244503 288025 269131
157391 5262 89711
321011 250611 204356
61605 199630 31936
302086 175654 277124
286763 55756 302934
99121 13717 98264
87192 153065 74973
171338 178177 262366
72863 58903 263800
298516 247143 194490
278200 155875 312810
28087 316597 53141
45932 333039 170541
156222 165009 56047
28166 136839 260567
41557 317531 71604
243115 305950 166883
324969 236050 143610
21694 331552 298946
259487 197009 144884
4284 131196 306891
1498 318616 166585
205417 173967 266508
3857 150038 12686
215781 51304 271342
150337 97535 275837
302344 82580 139431
45497 120130 290846
96163 207942 46080
287424 10267 258013
272191 165087 139861
294385 144387 129607
202740 90591 121978
77275 169665 3793
91165 25543 99438
110299 308060 101806
205305 283050 271729
250717 147161 93402
147673 68638 194194
77683 161876 71371
64816 234679 51921
259722 233445 294098
44304 81505 87394
234943 275125 231824
130142 169845 250232
59875 202282 303273
40446 169228 170160
329385 254792 106288
157039 180898 224745
313153 321837 197617
84805 79192 323450
70766 40428 126334
78013 164867 281363
206517 6765 295615
169456 76846 126695
191508 30648 132896
313977 72348 264526
174909 304519 40189
278130 195069 110997
326841 8976 43117
245190 314867 226965
259072 85630 47149
251060 97801 6952
285002 271673 32690
150168 170459 38586
287490 327087 90047
172709 249043 55629
311838 25313 153982
276281 260267 183346
48643 142893 72689
251307 75518 297927
35228 22777 208049
63102 75878 232126
249898 6016 277073
176555 55662 304312
196908 214060 60654
282603 85370 28175
158330 325577 30537
229749 73263 52755
244947 253572 178014
167836 1374 287458
174069 72447 216663
294767 303979 56486
93115 97392 69470
286396 38757 29909
6590 111128 235853
145898 160821 247722
23480 27430 209142
209314 29424 130371
76000 204726 117595
15399 207716 16333
30004 310092 68933
207131 296483 281450
239209 56413 198345
209458 36620 325872
322053 20946 157815
304444 195900 70930
82057 11895 110914
303050 141169 221241
163526 210849 62692
294423 208985 14743
44889 262281 328456
111812 5199 63835
89390 18546 295040
95924 257590 111527
1106 31159 157852
121973 139526 324003
75238 180761 129618
70281 184433 241426
66397 322651 5457
259256 283706 140942
220359 321331 117926
202607 107954 315033
208619 201430 154645
115598 4167 225098
130342 44589 318075
285541 95755 227438
35615 252579 324025
286388 88450 228707
251991 126026 61175
249825 80191 68721
23150 180470 32652
321562 24903 138117
159394 278326 82424
118268 237614 316105
49004 193614 178965
317815 320930 313638
243634 247932 80325
314053 254949 295159
306067 332821 1300
201286 199380 124178
297048 330726 263466
212817 149742 63921
152183 289701 313115
142139 316031 126657
60225 208110 17272
296750 87135 9555
170264 155661 256548
332937 326849 235884
222189 147631 193918
303890 291494 212050
177815 124726 11167
24667 194711 176482
314568 313960 540
262261 159478 333055
106491 276286 46266
130385 301776 259795
230757 178149 269882
324802 190044 118455
100631 156245 130528
94494 190007 36129
27692 174074 241704
321352 187864 308239
326853 312709 22898
130038 329957 188337
81256 65870 79629
270721 30747 268185
129108 160696 77510
276956 244821 200214
202710 6681 122599
263221 252888 259017
172975 153175 297861
157725 192113 176864
149041 210300 245822
139255 192643 168055
98557 128619 271415
154385 147545 270167
55008 32387 65831
71467 109722 130912
186351 150568 198164
3488 150456 40508
34680 124478 160135
59172 61590 261258
80187 194035 165692
41393 308379 139396
158082 70173 7366
325903 4032 121112
15005 121627 92145
1396 332959 192912
126309 187594 183449
49676 191119 265096
51039 311820 115649
237224 255336 218581
206293 268182 185456
189089 101439 106207
238243 282116 85348
320599 305259 228697
73242 312396 225372
248611 1898 31329
262429 155479 59062
152760 188685 143591
88729 317036 329892
311612 283394 301687
27673 160488 218656
219817 223262 45145
299101 296739 242307
42579 121250 299929
181663 305140 326384
182375 310749 205932
95133 156480 160647
3010 49855 252750
330560 18982 131942
188184 245315 193840
137009 27793 108485
186098 8432 330930
146080 258274 12676
249099 221306 302775
180192 189990 286667
69164 143685 131703
165593 2114 119179
25251 165925 107803
77202 164236 111583
8701 257427 91125
297681 136599 67777
32522 127289 38986
93274 113886 62622
25180 207355 21532
210424 252322 17312
8211 16841 27956
63294 318233 185694
230924 318419 220773
301213 186911 186077
54592 205450 237687
262008 319638 321623
175818 286710 288824
311141 241599 29801
41462 242912 129431
321846 137283 324591
38005 9054 302908
49461 219218 183246
293884 305893 251777
318365 177805 272623
307705 238180 167116
171855 42970 66356
162440 175695 40184
164013 196318 86774
170813 89358 236904
278677 49147 74615
43774 79966 100877
310946 45291 18428
8089 110170 229758
76309 129285 40738
2359 186567 139351
128680 67987 100813
213141 79323 62541
273203 143217 87776
201497 314177 288728
299928 195399 82126
141488 113853 204516
48528 29593 291175
100689 296981 151912
73119 303431 169543
34074 158780 11873
134486 274943 303457
79346 262110 59992
80035 116149 163223
324462 251867 44048
305687 309144 303898
180234 82534 145186
112747 20324 166452
162686 17512 221104
65723 235984 228635
87906 81418 237880
207902 31954 226694
192105 184100 137754
244299 95790 86256
282486 13274 224534
309375 124421 247476
135594 165992 17708
242598 18545 242772
176436 304653 286104
171078 34040 129551
128762 44071 20800
126519 226382 166725
176722 154500 242998
299843 260605 251029
251911 245744 63738
263225 134817 206318
50784 254592 64496
234891 228584 11285
194691 83603 229068
156139 106391 246934
18116 187960 172386
60095 202575 64710
158597 200778 160910
267560 26956 298039
201505 330327 100194
311583 3201 51257
91462 61766 243028
127090 106130 141462
318202 192532 159096
67301 101986 204458
321934 301994 241795
90260 39285 182150
31027 129605 196708
217426 157666 100933
120936 18144 198451
217219 130104 93115
305148 85010 243946
226968 170891 273148
329932 267988 29649
109183 33429 190585
8759 161136 228746
239910 240358 275055
170348 73257 293195
324473 53217 106669
104068 116455 3431
287564 63534 111224
270289 20564 96670
20176 320765 14243
73080 139588 98958
303730 239725 18483
41893 264915 99335
320816 287870 197898
219684 243426 100755
14147 225307 189570
214453 206060 108946
66873 83478 273227
219239 150743 312973
285656 16452 138876
256866 233003 60397
323676 108734 320428
163002 118434 943
313168 309290 16476
240967 167744 285210
260557 324701 36088
55157 82766 24413
169034 180007 33318
165130 274455 265656
131728 234519 312627
58130 229201 57941
319518 159312 199350
152814 132545 124732
155525 137699 129308
76999 47510 178785
238533 194793 235750
79883 242746 302329
187416 134305 92463
164923 260340 197040
208524 83038 300375
31206 57553 225427
44506 314013 206441
263784 172545 314841
140630 214548 43310
105240 245296 112245
28751 306553 240788
145499 117747 186837
204430 266202 17505
258648 106382 314907
197873 236896 144479
51497 12328 217423
226547 17021 180750
5269 146587 134234
168141 46165 96840
29132 92007 40231
263524 153008 264137
144137 17641 259956
92797 105361 36863
152024 2114 138187
193668 212094 247410
276404 145552 21859
163621 64479 267108
278421 40454 161739
269144 129310 284000
176591 93479 51856
103231 157365 236931
7435 139575 185342
206524 5521 291424
36868 3380 326169
228950 118657 129796
285343 218139 216201
1551 166195 16517
102563 270723 167496
84762 242707 322599
114976 117082 143878
45897 305165 283224
61864 296313 266907
330941 29182 356917
173869 260758 52949
237705 286282 257999
301256 104689 96987
245047 109104 99155
118081 284324 258932
18786 35548 43378
135503 259990 284219
233000 305359 203757
292506 179409 82116
301104 53869 239463
216669 245161 179282
16142 311090 307393
77146 190098 237357
160060 59801 58014
277822 111915 318843
111488 66309 311825
277009 86761 318206
178200 2361 7911
303590 214984 152993
241732 216145 294337
173263 10234 329837
109137 18035 217392
241983 159476 178118
218411 115970 46069
168024 178088 330245
267509 58913 65900
132064 164927 34604
13559 160461 231225
151057 121616 3442
174277 159249 326661
198163 230611 288069
50093 41610 276274
327574 260964 107679
254032 262031 32985
249306 196015 237859
232314 279141 89588
131665 312860 328826
322310 296759 246242
66481 88055 89976
178376 252753 291040
58819 177263 201584
84750 197422 44785
42172 76173 230652
318887 257149 200393
179952 106875 114368
139365 252577 643
171366 1858 31165
3317 14324 219521
275768 28329 315522
307459 47298 311254
69913 117906 141223
8773 302176 242568
96672 79939 64727
27734 64701 233291
222648 266501 316249
231046 269121 99393
151831 177609 240306
46594 272549 77774
169443 249300 182855
177083 208613 22542
76584 315756 8249
286979 118260 230508
37273 262052 201503
153836 31710 128893
195897 6639 292586
105289 196437 149560
13919 111602 53548
25389 324561 183319
309904 286337 270817
312447 198584 158757
25869 91774 53765
252966 224780 232547
138124 6948 158084
131010 227937 2921
314881 125280 187565
23896 309971 303691
156045 328656 114432
70109 121032 104403
69215 275460 202479
330233 234714 19257
219843 172363 52140
315637 126638 53490
41313 260528 291542
30380 266002 154949
74962 303250 236499
311164 170462 162970
113766 136272 27587
173855 311421 143003
151982 28887 83142
46383 115344 109755
224213 330393 109375
184423 77022 107925
312814 302364 74397
21941 236518 91486
27136 225942 161541
130622 60832 171055
219021 156072 127242
17760 253576 216077
204086 28327 56189
294665 188020 149826
293283 3318 40436
9249 208634 218639
99272 115838 319428
241762 179001 193417
6565 256753 13260
173590 33389 36218
84054 150119 111178
109471 217356 220645
61141 275529 13293
275663 260695 51571
212658 89628 213670
3440 177944 160254
286877 234277 8405
260347 250185 90555
99136 86402 220912
24030 64368 51870
330507 77517 23574
22886 121534 54465
301280 187365 224163
55407 291683 177759
249208 134801 202060
196862 319882 116640
129328 298794 11715
181483 123783 244660
170639 116103 86830
82491 314334 53093
277443 112148 165222
309490 148592 267787
318281 14256 21417
308693 171273 13150
322263 119327 323114
307151 90550 51191
185732 86305 30370
219823 126031 72256
109220 87627 187470
274353 34430 217434
197045 212010 300151
285535 321807 82714
13452 253110 63305
165151 127232 91942
106918 313176 174842
257304 144619 66633
96469 327030 64787
68960 15725 26382
8166 31474 80037
301485 329316 66487
323831 111583 276163
207711 207695 295782
254467 120148 63020
206872 138411 124424
289985 332369 81806
293208 177477 74572
210726 319950 136232
283979 19869 254575
181762 276479 40719
87430 185735 201647
333112 13576 128936
78173 284042 239209
276090 284371 172590
222199 109090 319613
278292 191661 268344
197439 285905 183250
209122 324090 174990
321305 299806 237303
328498 33456 168837
152517 273739 174021
57572 289800 307101
214549 212874 181201
312851 251167 140882
129287 210322 328049
81153 10404 74039
264459 90711 58104
22737 36377 65981
41099 96548 80925
247330 60797 297104
166884 91590 62525
156183 141669 289448
190492 213660 247944
326199 20385 297732
33130 291617 143619
264463 140341 118411
134202 51228 312015
59362 105389 19294
204332 131773 235990
254491 71374 300781
286948 305317 49313
96251 141829 307131
135783 246806 24021
222044 287779 310628
137994 18882 170283
44027 120989 331508
127096 180334 270690
120970 136820 174083
2981 212158 320626
56995 217969 155805
315684 171146 157136
303416 173512 196764
275719 188057 175220
49697 3896 190228
83778 54305 124119
191069 327636 295857
282460 154264 126545
313737 185860 178313
226176 151554 187919
98478 301721 101372
227460 291189 119510
87480 167843 191064
80095 108713 42629
58050 140768 195353
141401 171150 505408
143085 303255 121098
4324 52525 200192
112202 136063 275820
69441 320172 95703
78807 321434 313287
221155 51628 198122
83232 44605 18376
284235 209520 313503
62597 93723 147847
132808 228300 125492
131333 221787 227556
10431 68645 94663
303066 208933 244748
144234 255016 33263
214652 176647 232874
117433 157449 272913
271773 290876 97705
95136 70030 302089
154391 111094 51809
114304 233646 50347
20490 128265 77127
248616 184532 28653
110676 242121 229991
208907 249011 172335
85785 316683 64000
59195 130706 62611
135207 96626 47044
133999 253616 113473
219936 156791 258508
201755 127358 86842
269511 98410 325710
265180 330509 67072
142376 245116 74569
50264 15955 120689
270584 183639 190488
34887 108251 99693
208082 68256 99753
323048 47294 129613
124540 46881 13600
100130 147201 150159
209312 39421 62746
178383 184406 234530
285292 234896 164595
328573 314388 25981
306390 191511 134028
159347 281117 303943
238074 172256 140548
234136 281680 324991
16887 260714 273952
303125 320456 157836
260320 313674 158887
13733 167772 138785
37809 134918 79635
63975 308276 259567
74936 74535 69984
18292 86932 97049
86224 190182 164053
241214 53618 219971
108454 290694 221408
75030 133516 187919
6584 238978 214797
307447 138167 154685
101069 28961 156527
99297 223380 199501
301372 6250 111555
45784 66274 187492
203433 249615 206892
283270 51054 95960
82376 16054 250983
125719 304107 194576
39741 177270 147994
150304 232723 263670
74676 120040 232275
118897 234269 10452
310979 290123 207691
128358 230552 215000
47373 299089 325065
307822 174298 243822
303251 32141 59947
168448 216358 321272
319556 53662 318290
295928 29726 39988
318193 289773 213175
18729 150913 66220
46138 139880 44907
270985 287069 289435
99837 53199 180726
200228 153792 332583
89074 219978 115427
93417 203983 95367
276323 155408 224291
51412 53037 269295
231049 282225 239392
14711 244926 63091
75728 38742 111769
170249 221651 87468
126629 262331 98651
321928 77946 317418
61247 61982 161239
229340 315977 73127
258025 293690 299735
193912 146675 317631
250803 33706 257357
47573 45274 32951
123031 228389 278680
107592 71808 274668
101934 272051 241590
296649 304562 198939
150681 9715 75389
284911 193823 267848
322169 198642 145337
169329 260867 78356
288769 86853 194857
168196 96311 137991
105543 269358 67438
49578 123090 19274
42874 155666 311642
68627 315595 26040
111443 82412 215596
291496 266948 169523
136532 57382 186083
234518 270954 223868
5453 291128 330916
176455 225775 1850
15000 188466 129251
132625 221907 317914
223810 182030 182013
321783 163789 9181
316087 168668 22137
243390 326627 210665
204340 253599 291836
167658 3303 214820
233031 69651 319602
92722 115995 249991
312000 5546 249452
126695 186581 3685
192228 206519 278131
223528 204664 240057
326060 87711 307291
189035 305889 14214
214798 294248 41070
217649 130623 161944
332382 242678 260863
282761 212749 13159
193017 32724 328727
191606 187478 100481
136059 307912 62268
286240 43151 107010
32501 134048 72594
135286 206837 66908
196649 273361 236654
99617 52145 219942
68103 171084 298334
215988 45856 313454
239079 137770 138843
290801 243928 83827
185702 282297 108804
58988 268380 176461
95688 123775 93542
270698 197120 121114
220678 252528 95332
86099 247483 95765
271676 87696 34190
187080 147382 56011
667 42747 261650
184131 142860 100
96403 48762 292763
147015 154263 275172
167027 288789 72820
242952 330605 232333
3788 293563 226002
151707 1794 51397
319284 123052 303395
133009 11822 143965
218519 147034 198822
160702 208343 148114
138276 172297 174609
6234 330429 325386
30395 26263 286402
3910 46622 270152
46787 142602 10573
139333 301976 82339
164144 111608 75912
38579 44523 332936
104862 111095 203373
294078 4824 256746
33868 11967 222834
187438 122694 138991
46643 289045 236448
255645 86821 56221
297578 252615 130040
72662 89110 239982
284303 250328 184765
268069 326611 199703
40557 27550 131708
145548 153629 256073
330321 154572 288630
104502 72743 216486
134213 279784 157712
265160 92435 2004
193071 206861 75095
91137 281568 242064
214210 80250 326161
175490 85553 167745
160064 243465 249569
150520 150541 163318
162757 209891 225442
74976 70955 233092
191200 301100 2197
24212 84651 220340
75637 64971 173749
22875 220336 192537
27060 108846 127771
26949 265816 329397
74982 277927 201533
91053 116004 171299
93226 291697 161807
200399 194212 119667
305181 135148 142254
82404 295065 104197
233791 41060 166991
162660 332719 71482
154212 196247 241432
255291 189417 275079
332729 199869 298790
225394 308561 6887
107360 69597 93915
113257 223064 112666
