1000 220 5 31
241824 195639 190982
127731 225399 19168
59014 235482 84379
227234 214216 51852
33325 191701 2871
124124 4083 326082
16509 113961 223761
86777 278179 175740
257221 283955 93763
298318 275577 300307
106443 297054 32501
69947 332320 123897
53583 314739 272014
169797 158408 328796
229406 275349 636897
309236 299224 38388
153431 40700 178635
134770 275804 528408
81838 302243 147263
293018 220325 324847
283552 295110 71768
42446 146478 689922
262886 147326 211218
91281 104140 613602
51803 92286 617757
151495 254425 817396
159590 78777 221173
172200 204643 256070
102388 2309 123892
774 185313 227597
203041 119433 99462
270426 134500 156153
45693 18825 544675
13187 118219 325380
240305 274443 256074
86749 11758 246166
36831 214534 84523
252152 262564 245645
131067 19703 191807
48853 46133 194431
103389 315103 91178
49032 276370 40313
290339 130248 472022
142959 43058 290982
27136 10521 757920
174898 272370 111472
48592 4852 21210
286934 159902 81388
246016 164704 227185
170364 242417 185491
24747 13590 259739
240515 8884 611471
211148 109746 653016
39276 30839 161643
130344 163449 810289
81052 110929 97052
182603 40321 7289
264367 199157 327501
272951 163428 297664
261339 46214 48083
208344 292433 288118
238821 261628 162823
311295 218862 46680
222327 249424 40271
221152 196536 250357
77805 310265 238265
115455 247969 128953
20607 221176 824078
73032 171864 175976
333107 304076 208098
212718 147829 202599
260598 52922 652767
83218 211671 429503
201160 68726 246648
7721 147303 91523
248226 293235 51561
107691 310196 307677
67724 100381 719018
313320 22532 202856
304611 245303 20041
31795 57868 97383
210649 29361 11584
186635 212417 178176
152194 10948 24264
88408 63685 101164
168931 269654 270300
300053 281910 267058
151239 329182 321310
70513 2669 429852
14963 11156 594237
165654 270123 798909
80754 249907 33296
109035 233270 2138
233939 296974 149997
206554 231051 51139
322593 121135 179199
301058 245009 113043
262213 221404 462493
63468 242875 772727
75544 250995 248777
127175 5341 65352
201832 165759 60365
53852 303792 247750
180890 190283 193873
87236 164890 164082
7950 233636 563875
197971 149026 203593
276190 81809 142777
10432 82061 34602
69429 223411 71391
323089 158064 28365
204698 250288 200804
86742 301735 324662
272569 20906 78935
237495 237583 16541
240018 76593 158047
238591 21053 75226
218408 140246 271395
98226 320362 783326
204220 164617 47860
103408 140281 227515
131429 191099 159769
39451 116090 236335
243380 254046 275011
80914 201932 37207
150650 70999 152616
186080 324484 33153
83831 52514 329601
219526 48788 164021
161747 79339 312861
6211 284793 85718
196552 148701 677149
87065 203628 66848
84078 234590 6756
60199 155155 225687
54466 123300 299768
172285 60247 267942
112081 218610 249715
322963 312499 328863
142865 180333 24333
144178 262540 576382
136096 146664 107160
194484 161890 157359
75939 204680 882477
282441 148820 707824
275276 200337 260626
287588 221004 512
138747 256087 287018
321514 281782 60535
277200 269753 27627
36534 187217 65244
317581 51144 111246
302929 120510 190965
67199 310562 289900
260683 217307 584400
295697 319164 290876
57141 281674 106653
12243 7560 878878
23857 126081 32898
17782 312306 165255
243286 283705 176498
289988 265869 200313
275989 233481 22367
128035 65071 320010
325063 218553 77792
265797 30826 210996
135660 221479 314995
181036 159257 201910
84590 234751 287775
7455 150449 186485
5713 314631 160138
321793 211029 749474
305364 88717 145145
98206 35011 650394
76087 215265 51487
20220 10235 253838
122634 207865 244138
291986 226218 141006
180282 316713 572811
71767 123387 790783
236989 106578 568599
131238 307594 838885
55900 330253 148658
75009 297507 609648
187475 101215 416803
214527 26978 18312
217745 229540 80311
154222 15039 286106
96227 146066 331856
170935 100841 112735
23804 283454 608619
100137 92839 313040
231091 288250 93505
136690 77329 142820
140257 92920 147663
197307 165228 262172
87139 156529 103436
209263 180935 75218
28741 328987 195709
81725 144854 314764
197566 136243 273681
297076 202365 563482
210758 81493 63820
172374 39585 124480
214438 14095 298092
300586 115103 298595
262790 302707 115632
66197 324720 158695
63319 166805 155243
69179 117126 217570
91837 319335 598567
22166 291852 756871
264615 119200 248929
183679 291579 18067
286585 114540 276230
92792 307819 317976
70591 277059 64978
57616 202378 586812
195040 131109 282163
322199 179075 65696
119491 20514 261675
228002 146880 69846
275740 87954 276773
249700 29108 219171
16327 109923 128035
92190 311501 230038
168022 96521 273684
154324 257227 686774
198737 297369 14482
134413 286602 176177
240850 311207 108600
208070 231348 583898
227777 318529 3182
139678 128989 4497
188671 142382 195190
124561 196738 783593
295890 241917 144274
201032 187242 85260
243483 238700 119476
91589 298682 111093
107726 210085 120831
43408 127221 183225
73465 305570 462507
270008 304173 701990
103831 51579 153238
235383 92413 154503
292887 294896 15198
134940 258064 285267
161194 141576 316424
106014 209359 18519
149101 308343 35499
146420 51690 103657
211428 163812 661219
315777 272706 322086
253924 153914 8598
54556 108374 199141
209745 244523 60599
141885 285754 800671
130638 262122 415413
37225 216736 110935
80205 165912 204084
319368 174590 660977
63026 99335 127375
5418 298426 233676
159665 183226 324491
328946 227591 187482
176037 135708 224374
259595 108804 326261
281034 2810 113030
254897 305900 201674
200342 197527 154996
70453 264166 142884
183614 308583 835582
63043 305550 683485
271447 191825 189067
223995 71255 26554
185936 206435 311873
322210 119845 203903
156463 106781 259890
137888 203742 279343
272639 24078 76443
161946 78551 255175
165632 107348 198730
286874 242213 211078
189583 113405 244611
324000 169235 1977
13315 87635 169464
181037 55024 295434
57534 297305 313606
311234 231966 280120
284995 266263 308318
126644 256129 854007
122351 17809 115119
199627 330538 173508
42961 157777 261734
161876 2747 231539
99148 200777 241063
192640 150013 309927
1629 217490 207662
292303 24703 245549
128213 201299 177988
126127 205096 871236
198431 196637 176585
253415 4009 294963
283492 241099 264639
227332 85353 28266
42777 70078 302467
237274 198311 74369
240785 150904 409444
250385 1710 2681
316358 262196 258249
235809 300418 240029
15539 285346 204615
73958 310020 304804
168156 30010 188430
54602 222948 138358
292329 186649 303151
216321 224355 238713
239158 317913 789178
269671 23037 53757
50392 115923 285331
38491 43733 279734
309495 298938 51868
183931 39408 147862
180575 39866 123166
887 25653 839752
161417 184130 281641
200538 275813 241850
320054 67088 178390
265760 310453 234844
273807 315129 713430
203728 195512 104034
324215 165299 601585
135578 319411 663215
203161 314925 775023
149295 239773 193674
58307 37026 69293
206746 173257 90034
84255 277289 95801
85048 155972 600931
37307 24371 16104
161345 209120 7740
99783 1548 274767
249984 333154 290146
303216 180846 422053
291831 92884 276617
32465 9222 122243
145542 61640 782038
60237 113178 261368
50042 272193 57794
23713 166366 267656
207245 290093 324376
168697 270385 144430
56307 203998 238033
202744 243079 801130
225158 217097 184095
186683 269419 496088
26838 102345 268690
280024 102774 120350
110479 298823 165476
167361 323876 229125
68738 296090 768736
275680 174648 120772
279182 320907 233947
325601 175001 58409
293308 229196 328184
15726 265230 108693
156151 64409 190241
235603 240946 69287
116275 330650 132604
23787 251826 67693
181697 201726 150499
200376 61913 576257
293105 260617 273201
74445 56128 433325
182880 304364 486629
225381 241069 409208
8231 207513 658716
38060 139977 88580
313960 107038 205510
181359 5717 138218
111830 5616 420498
87307 25961 783159
310893 232068 158205
85459 55371 83870
327299 268163 846668
291363 185367 177665
281919 24331 135194
56881 11602 5130
248485 283327 202741
201854 25318 58161
297229 98290 458169
226837 132809 26275
305124 64525 330773
136304 172423 213257
331541 117351 6839
139154 150026 255512
311931 40508 169437
45839 1213 8349
32867 21097 326944
296567 177384 460902
325824 299182 103373
272918 157809 45073
155997 297346 165632
163052 212789 641606
235899 108872 262016
17014 259244 274426
185242 28326 218262
314279 203761 322466
280655 322672 130003
181757 55142 33070
126008 195093 271579
187086 147254 51719
295448 240566 98180
230530 100551 228277
110837 618 107477
179675 84375 115193
194436 314107 267537
260436 155765 270377
324561 330253 228457
104997 214900 322776
108910 119431 95154
80690 317274 269203
148881 205976 104466
64192 147394 227786
189839 173857 290834
221108 218277 267046
1196 250098 312550
78160 37138 448742
33029 271922 763316
121469 88688 231969
175560 167276 283107
138067 172968 259269
321368 8044 674766
21796 84650 746162
132721 199751 4071
228850 175080 130213
212441 191264 19520
50855 91780 72728
61 186749 35033
202106 313782 240635
94286 95692 721561
36095 119778 294073
262195 110429 202535
94451 21513 286226
77070 327244 743912
80556 269182 234571
142410 99578 153709
109046 21850 21443
220300 234101 58284
3603 281787 257048
221164 9735 869839
57004 297346 414732
230188 123578 8073
38994 185184 226413
129330 295907 812136
9547 202874 94491
2336 63853 5606
87678 199554 101632
240229 61602 245609
185685 155754 189819
74137 238904 281497
16956 270869 326725
52829 20848 280516
253504 313920 213605
158573 225924 613219
7910 156444 471922
254701 98396 105229
282826 243313 236156
310808 151601 189344
302202 73028 687762
68005 225091 134561
122748 293871 206703
212877 101763 105882
181794 97911 64101
225544 332124 175558
172061 172387 222619
95060 301103 185997
102969 311114 260633
305713 259503 727802
151457 232558 74038
212860 181843 188999
89772 144587 114945
229752 186958 112520
177299 38640 95508
160344 258160 35945
187686 33871 242230
304411 220664 19285
230214 114823 577431
329782 102313 54067
327068 141534 237194
227310 123292 216391
91483 187120 5646
291784 35339 293271
162544 50450 558536
187541 235645 645600
246639 202329 32718
202752 45436 240240
10064 134197 371889
209638 268395 51306
181868 185745 664400
204752 321842 168600
131179 153387 206344
228397 27366 320650
181072 47306 117742
14549 319407 139614
282638 90037 545800
178725 74568 131106
279810 111899 592106
20430 10532 293515
228907 262672 125374
306596 306701 283561
139340 73159 153810
162943 146221 141420
319841 180996 615410
31408 104503 119552
296721 107798 451371
187765 299296 75026
299053 244108 196116
333163 333317 124550
117619 264143 232102
323423 183443 51967
100486 299516 262188
77192 231584 254759
34079 101120 253995
194508 45941 208744
88380 290486 40291
193059 67253 160171
68696 180769 307912
266139 165916 3898
22577 138130 311891
94960 163989 22807
25484 168067 115037
157991 67267 302993
228982 219848 263576
236692 241370 29427
253675 313193 14719
39100 240353 161728
88585 276213 792414
176093 290351 219659
206917 325736 117947
321454 143814 144699
93603 281729 62682
89627 270800 104939
209458 244281 73792
208599 48661 188336
278437 86813 115579
36003 310473 341479
201423 253617 5128
9215 90684 53229
255913 325962 734886
174859 106353 154140
302105 171594 83208
80967 307054 583984
279837 159165 2970
234630 274970 725706
235780 41221 93999
273618 101044 135903
211227 299428 238138
303549 128675 207457
254122 223399 14364
327734 152561 271253
129118 97287 221708
224540 44849 63189
68592 237133 271913
285281 289567 248414
256550 33822 179871
210484 110477 462530
225933 54606 183799
272088 166706 51152
293459 92130 56703
284279 38066 171226
42806 276913 209283
40585 41714 619997
189910 323968 711822
113172 64470 113083
268792 209698 201213
27342 89421 238900
332869 18375 327543
109361 276623 329042
114047 145260 39006
82127 257495 24464
238094 198784 261145
10022 261853 48670
182761 110762 732792
258147 291316 103603
129164 129137 162665
296404 205594 251887
97342 204417 193792
244257 76355 426951
18024 65836 44601
99930 260744 164628
122066 128765 39709
211515 49659 207047
2982 40064 68282
58000 173274 206793
95478 61188 819135
181685 48974 82392
114415 8322 66209
268291 215972 323336
142369 56402 52109
98598 33805 216920
289224 304421 187977
41325 198459 791544
28197 323145 97324
74296 100773 268082
119389 88494 702622
247853 71721 34626
68164 322920 664738
256156 146014 185030
262140 34069 60131
170687 18825 167220
6901 7675 39507
81192 5031 28853
226894 194978 524074
164683 132538 247937
112488 143663 241824
291625 17442 20643
44286 140404 23244
169643 312532 26305
312498 273746 237763
126198 154591 89046
261880 214723 63866
84096 72197 53635
135336 284185 34623
244855 319302 210241
280053 194989 254823
107818 170900 89163
316249 163613 127714
103635 303188 268782
59932 175149 649637
111375 325960 284077
294844 13979 110866
2568 279249 190720
121975 113499 8859
261513 277878 41785
249179 39562 315373
240075 279645 493316
46287 208699 873421
100212 55520 185895
157883 231224 138842
138041 260123 848518
327810 90136 312962
102135 211422 462199
77665 59488 223561
144826 85342 233128
106643 182287 295960
123438 245781 274741
327630 17735 190283
266366 283404 428443
79031 268374 339110
157301 287991 27604
162004 201614 124104
101848 310111 418287
325807 200962 160812
251803 137991 12550
290676 22614 325160
97705 148216 222756
188045 135336 769250
3252 159883 205710
133386 287397 157210
268204 232093 64647
304685 158302 120686
45948 46182 861965
27700 115011 307655
291347 65200 293578
271973 19775 165754
73057 150610 583073
232048 210208 195412
20643 56387 299181
77531 224085 303791
242260 102859 149928
52509 150899 183117
133956 49293 155716
59431 219276 749410
284612 240807 193639
91033 30027 254203
227643 35612 675987
255054 242440 132552
97578 20244 97494
88333 189845 86972
127215 120989 55067
149360 276823 304002
170373 106900 188792
155532 315720 7379
269232 57810 218040
85853 324216 103528
303767 132171 254673
137704 101451 297543
144772 92953 123458
209872 33980 314810
265622 247067 134282
204601 70173 12094
220232 64719 834596
23245 333226 120272
205935 274991 223762
46573 4238 704424
293222 12947 162835
314525 229290 100
132067 5325 327156
44495 15503 70447
175511 319498 253705
261907 143730 527150
104937 122132 309987
176400 40532 215933
330713 165777 62584
7715 87733 107383
32294 279139 216021
249873 326059 325958
308338 170984 175643
85911 292700 237955
21214 206342 83332
5042 20228 226684
23519 165321 182200
214268 104852 16815
175616 18810 881252
251477 94069 785447
38031 325449 107834
137765 107568 79627
111216 264896 736895
23657 189414 750689
99319 19922 116514
227025 8197 101130
17973 290641 488441
209170 292304 753765
72622 3604 805221
260812 232389 335204
306388 239707 87569
233578 185561 639605
209425 46327 297241
214820 194346 272717
22798 166185 91305
114674 45063 303142
330471 118522 183317
314089 106114 295029
320912 282587 814948
189767 148370 185000
67945 164197 31094
188468 306475 878627
14004 76086 139192
178775 294433 84076
213633 167363 279398
211383 101456 198687
51558 252554 50420
131482 287561 722924
287328 71918 114725
124859 13016 355848
167579 179590 709914
281491 247473 645424
203054 241719 4803
40769 26962 396867
320439 81205 269827
257573 132595 43609
197292 64417 276215
311942 198487 602684
109297 138058 114570
246974 2558 756698
213350 38978 233643
288720 287096 136636
172046 78043 777821
103073 260481 311575
165180 237893 146279
55946 24964 15401
317212 114458 258757
3804 298389 387613
6334 197445 191763
40707 95143 134134
68895 151119 870339
131401 138123 108348
126801 18954 113405
106290 244923 229082
210586 143026 872346
278076 165120 226046
57643 8579 63287
221453 264685 272223
226401 99159 811263
76212 217553 119421
286172 72728 302115
152285 16713 228223
23979 135684 280646
48828 205982 169605
73943 30446 47464
15 29757 111401
283070 149398 384121
50131 252035 232388
81587 12254 161913
212943 83943 111822
16273 139967 539247
122709 281462 221965
203197 234163 842711
208764 218634 313514
251446 55754 121267
12924 321417 119537
278813 319089 249882
257712 145820 46461
275097 320306 112227
102670 45614 87933
220805 50668 812248
231835 36770 302765
212226 76422 252255
149052 231446 620018
283522 196523 834796
35669 114349 433997
195826 306439 641092
330605 4816 201946
315695 225366 685656
24724 76811 331713
124064 249345 120077
36758 291636 259820
278049 145016 295354
285063 46904 154419
287837 187799 240282
249584 35963 326890
328467 33089 166911
204939 206863 82719
93369 203585 71190
240477 184869 117302
328382 130999 305879
3941 224671 780306
21791 222162 685923
123705 216769 279940
25119 165658 89784
147561 284849 87253
19698 45913 99360
123502 207851 282588
89652 280169 57224
246406 58021 197771
244478 225091 246765
207353 39436 85510
135738 302035 143071
262694 128187 317769
41406 51670 268360
293807 87435 869832
298791 152011 696628
44493 217462 297091
90465 190126 213519
170566 10694 602241
315469 87408 772329
83164 308253 730149
244419 92130 4203
48938 155485 102331
328064 99248 709658
331551 190360 49171
225494 162114 179931
19514 226873 235350
237453 230225 287646
80942 33497 849959
118527 131568 850624
307177 17719 144992
123017 314567 34038
329858 124314 117437
203139 289203 216823
49073 50623 212493
22786 71714 273550
78 310892 797036
126040 280621 285546
496 285878 154454
182010 12080 11383
173139 76460 158700
313670 151838 164228
56906 286814 525779
83499 180771 125416
152270 229710 146603
326009 177340 310228
231789 324575 541150
25011 11235 88221
170232 175347 252119
175217 296887 795776
91461 170987 87274
45337 144112 257040
153813 113896 657175
277552 126312 326557
312350 91651 203832
313592 217219 141574
282830 311477 136244
254464 314448 688190
50178 207213 20284
97028 122567 26280
249030 83291 47664
114847 155654 167817
329757 219351 305445
37793 92130 257358
330927 284528 292074
113419 220274 19519
214862 98575 154745
93801 327700 190291
316049 198931 845940
183199 291552 181530
186345 111282 271050
64865 325131 164676
29744 127881 171419
329139 72889 14797
183861 200288 235915
313372 277278 707688
112575 311570 232836
242923 39681 755960
173609 140541 326517
138572 44074 501740
169116 274155 281209
83189 67974 228961
303519 162421 48328
267060 121176 727846
151094 58339 182759
242571 55507 191869
81678 153702 315051
288566 16696 213415
41978 161300 119048
72995 298701 32948
92706 206922 121568
277841 42723 320450
191956 79360 195403
285622 153474 134256
7914 78765 152697
15545 142188 621030
44042 258765 17780
198263 131471 62355
37786 270299 314967
115297 167265 275849
282140 203435 214835
323117 182345 118484
28911 216344 249618
140264 214139 252263
54817 328085 45309
221280 173561 868057
226149 238505 7934
265717 148052 240482
175985 190309 95253
204234 226658 233664
240204 28554 125531
66220 296661 221989
179956 127565 854114
52473 138824 44728
249827 39508 331171
156917 223346 191722
168418 124642 200205
275714 80049 716433
32923 118156 525087
150321 206359 288495
10777 275834 132694
306999 277789 194963
221140 57860 226225
119131 322201 744127
161762 323974 167044
58646 296061 430304
238736 327334 139415
73140 185645 171438
255352 171533 266157
141883 204254 159236
74932 308442 175284
139409 272712 151914
194004 135217 332694
123182 256853 732565
25532 121947 165368
303712 316150 241607
165499 122976 89557
30334 16572 32642
234645 76037 42485
13603 140572 26886
321936 148468 784986
142047 176242 22222
78730 177155 521628
27695 156316 141266
27264 34185 25263
266564 104379 211651
92583 8225 104819
274183 25297 151361
158458 31816 195734
172749 17710 670294
308300 136228 16599
303264 149813 664419
276713 265591 156658
318286 231124 5039
70977 89086 55652
150048 273334 581016
82658 6166 99452
63605 130506 288725
295342 282032 164543
220692 306599 331535
160495 167199 110986
53509 258355 292791
273061 239229 390355
151550 133185 64573
255513 247958 107343
86109 270773 572853
330302 8943 28070
208992 23097 159801
246510 85082 148311
190616 109108 215456
128382 306606 510749
176440 84337 156165
38618 88344 78201
24351 297018 854559
42081 144905 200117
8342 295396 205998
252051 195714 144191
271638 60864 872944
225731 59965 210328
228074 111378 140489
240296 63599 215372
303678 87060 583457
