1000 666 26 27
272405 286108 572350
280645 122772 478670
57890 296346 284082
207554 133333 311003
236149 79284 709908
104906 132675 491810
147094 17693 434113
197235 165102 675031
24242 3218 6227
162263 246617 566881
314092 311573 399836
101996 103965 686653
184490 10397 748728
34973 248417 688725
191256 66867 330427
99059 102289 578232
275717 266500 273319
187659 154060 325511
61228 70694 467037
176293 81735 795400
273875 173241 173985
122658 273571 113114
235601 119699 417936
328392 26993 290283
164537 61575 127874
8193 118501 278643
298701 196642 374705
295243 8062 629581
139172 329188 674146
253782 32582 400822
281466 318911 656696
127162 170443 171
322528 90348 529424
293890 260702 195566
274342 267848 598446
309173 155334 417800
184776 19735 666331
321890 141920 184250
46099 128178 490792
36104 312461 738419
228523 150428 546094
249025 201954 477703
142709 317486 737411
227032 94878 225993
149946 307481 78464
150496 68613 199369
39910 323291 673807
277703 311255 277813
253274 32320 44687
135246 9368 11487
134195 126832 521109
247708 242342 679997
8236 122726 111180
267870 102471 707508
68310 31882 532821
123143 12739 36812
140351 177142 150621
3898 155993 389952
242311 308846 592661
242238 151902 477555
68389 106289 41421
127548 132315 574283
111252 168873 486158
157721 269905 315323
17229 173724 225850
223100 170820 671624
291864 288608 718444
201579 238861 627916
90663 256840 301503
249071 185292 514783
33938 203076 408857
178301 308391 717710
100855 124298 636273
46611 195522 286491
195159 269774 166864
102084 56672 514994
13966 142928 170082
129025 183257 299402
39827 254681 746247
162104 286855 329610
173238 211792 590891
161544 209863 681219
36985 285921 12040
319663 305484 245077
273508 99246 54484
196056 60344 746196
133941 226642 191842
49479 107249 697229
43221 219646 477494
237528 309966 604111
130155 166876 187315
304980 4581 739013
305378 261968 431955
309788 175145 657040
284736 310244 336574
287457 174656 81166
228995 150550 236117
217882 325695 72834
64045 223978 100
51546 213175 608796
256229 79777 360247
202336 101669 631974
141548 121232 81030
6506 280731 792606
118457 210662 125069
162857 128387 646599
72783 301804 494061
240853 289078 626806
38335 269919 44164
247170 300854 664852
302848 301123 280175
202789 173187 597740
62890 202954 417869
177285 118773 91789
99048 176770 703012
327384 320349 630694
310290 316968 686440
218453 130331 273056
36803 83066 591423
37004 225755 535048
177307 110017 80843
311099 63783 75341
30063 98158 741168
277750 166570 329335
115533 54231 561868
330805 280341 749005
154965 154606 323357
113214 83124 755156
314204 123110 159284
150591 252861 790188
179147 326089 461437
307539 161265 382916
186408 317033 84909
146117 224485 76000
237372 84636 30259
33095 329904 503879
116929 222471 614677
188570 167571 614089
69306 193342 618084
182640 24983 715761
311574 280950 592931
178876 312034 762787
271908 212155 517401
65156 200152 685926
253251 190126 206195
94198 254754 94258
153975 123785 625787
246461 314355 680346
79404 57961 748661
121539 210601 692475
100341 90894 103062
172917 18405 652870
45391 309315 211699
97348 87772 326768
230393 218800 623050
105817 36661 764542
88250 3667 729013
94939 167667 87003
283641 151282 781865
150144 304934 654609
69680 309235 512996
188232 284 304715
31120 154718 261179
66830 256591 689189
167184 331496 259014
312493 150189 541073
232450 253607 361330
217452 144576 569691
203020 188649 760467
25558 228267 367384
132939 286734 451490
282135 248958 85073
17699 160954 759690
177330 134313 415231
322948 192207 87909
46703 150485 567184
48856 107658 269897
14689 245697 620302
158898 7873 110062
293530 142663 247517
152788 163255 56245
39827 154472 522104
47085 112983 379319
167851 146529 632830
119962 240212 479596
288618 9153 15913
29213 291283 203058
254900 110889 282288
264928 9493 119097
102705 219635 579256
136548 238281 741488
161411 141636 780924
105881 62764 565487
90515 315369 632369
60069 292986 442836
182931 184569 206002
143968 199545 225001
220233 325412 728020
99487 253631 287973
268333 119512 273399
107697 76301 775029
63975 99640 289030
256834 162665 593099
289947 316441 244398
318775 185221 475732
250358 60322 525230
274602 223358 570005
226057 51816 88060
83165 131867 114922
95407 179624 750246
264065 269230 690057
12803 84344 585762
119563 3020 745162
204318 230359 743348
27023 72697 283995
298841 143511 581393
154001 156359 734751
261491 104131 660490
157443 159554 666428
187806 53165 465205
112577 240439 626044
46279 65358 632517
333073 13742 654413
129166 64956 307555
155293 123613 283273
221824 299149 643730
225552 13908 92283
185898 44021 278948
94689 176997 547947
145809 306400 585284
266854 314637 450265
56300 315059 537596
48276 237927 661216
107405 302656 116989
25083 64787 589964
149515 225268 701738
225711 138308 114454
249433 276329 662018
138235 293047 573460
139674 180343 109242
171558 162912 665846
311499 90107 544548
80525 110897 417487
195124 271768 346672
333276 83196 726304
87077 43962 585778
182638 163005 544686
194903 117488 193242
34544 230401 424980
321276 324661 641397
261096 309325 576588
185977 47027 774822
323333 99779 612056
51230 171079 374654
163151 62757 196653
151616 235302 252428
33701 108520 44466
5922 124653 581518
77806 288747 261960
290782 175434 59322
270889 250273 268963
60380 107413 273691
244855 255142 759637
238896 188295 615720
15478 177372 457470
142716 62524 324469
128521 136270 480492
153250 324832 381212
253877 83331 80394
98553 315918 475051
296972 203434 306115
184438 250783 501006
116771 199245 514999
183661 1309 654270
131224 314475 260590
160149 18811 177429
82252 177474 707945
59847 212597 778787
69074 249517 573640
137037 19548 238709
72101 234873 414621
283987 181125 570365
22922 111930 645098
172638 78049 325112
214259 153199 171281
304885 91344 11069
329749 94553 477199
61866 278123 384461
169316 256279 85785
7149 126389 306000
292516 240663 540516
124884 291092 77618
84537 67600 558930
205873 89396 285818
104452 44368 798326
171123 248947 55615
91166 786 430098
300658 249854 533322
142891 113203 71407
164902 233701 724412
326456 228063 435391
14972 317519 507974
83649 289065 226557
158766 16791 532739
85834 252017 272281
189713 208409 519837
300732 134549 214092
324605 201465 606221
125469 75305 732043
141567 78544 752695
176140 329075 134587
88203 210436 455439
245408 18961 758811
125362 55962 289401
307830 130828 253191
244272 18187 651957
150908 29853 546209
189037 204303 571400
175279 306985 282914
236994 226559 540800
231690 108656 283525
98019 60801 502404
150022 17090 729401
185199 241655 687265
79738 119398 414381
88540 177312 40536
218316 56932 722147
24448 295509 235348
117229 210904 789648
105389 311456 118594
51825 143667 234210
6751 296774 669811
40249 251688 5543
250194 282754 588639
176804 276444 748534
53515 199505 276092
194028 124982 228640
172666 128156 793564
54903 130895 751247
293710 52875 558431
30623 208200 119419
319530 249823 11664
146641 298691 730755
3208 213398 161009
82192 77371 21602
243086 64978 155803
244776 161267 556640
130750 19761 256222
272314 151661 84797
47511 137521 223093
249658 147061 103290
118818 242235 102567
136579 49357 579779
61125 291783 57940
168476 306430 349565
272626 11459 711373
282156 82941 55619
316211 56429 402428
274268 271221 15155
327789 210501 243458
207234 34767 196841
48855 200475 798426
315580 238792 570860
9669 22440 132054
129905 186045 146455
128685 92231 583468
139351 248530 298607
305296 331390 65814
219748 143107 400895
270492 167110 175069
262944 186673 515998
217711 28966 14833
267874 5365 752173
90069 204676 646388
224459 256986 198899
153233 258419 793743
110681 222716 370327
124479 46979 793871
56547 84985 582718
224567 97103 561856
78278 258322 50469
44980 258451 617582
81170 170125 707295
127890 206266 180227
55550 23150 452249
232315 105805 243925
235943 78117 530681
7296 294156 100157
236994 52667 691097
33518 140689 625259
62401 85213 609586
299190 311022 775537
58850 51818 108237
163317 24500 591455
293091 69705 104403
134405 325688 710385
200587 291250 253333
240585 81108 552187
76045 57447 606206
176647 165390 696371
103289 26836 477784
90733 171475 323651
324930 159075 737787
167716 318256 299094
208242 258021 669192
97107 316637 540327
69991 268033 234850
83634 8811 746395
208517 131837 200
162088 311370 213307
152733 258990 679722
319767 178595 688122
27658 313283 356705
108222 217498 711255
55537 300908 753238
20261 211192 203622
151912 150022 578296
277816 251757 495275
142298 321643 67841
240123 269321 324707
30153 58158 731153
143520 117527 686230
156968 86147 603397
292027 66022 315206
239966 258495 675723
329767 115738 542869
146126 249561 435762
244349 280335 315259
44410 301817 771327
310248 120839 738665
93942 231015 270204
244026 146630 775921
158378 22905 224258
135779 10627 678566
65176 281157 553711
249732 218604 452897
42852 26140 638353
179140 255504 465281
224016 247124 579099
97299 321404 755887
38132 59906 431821
258287 329162 792610
326250 117591 55369
257392 156013 764870
141314 202895 282419
162137 15653 745489
201633 138374 70009
306752 169766 322037
265960 56662 300867
104072 167924 768309
138192 250381 120958
243032 212794 787124
25212 165002 125194
104165 262320 640143
226509 269884 598237
14813 39085 273332
166314 288517 121976
111320 204980 272529
138222 19104 690979
332961 226535 320989
173509 210798 90968
142811 8534 543315
124010 158884 550038
13481 290461 33416
169727 194504 619225
67830 168018 702493
170426 29737 32539
254066 118711 501262
2491 296863 142072
293215 299214 395046
321887 69882 63730
188064 221782 793915
89975 330703 234259
125293 71252 758476
321224 84513 7651
100421 153625 601481
179383 85762 688418
131226 270342 537786
72331 163688 49148
305113 152202 723876
153924 197989 544299
226344 21728 775045
319640 288350 586871
115403 308648 643307
75997 145561 96171
74917 51405 327757
163549 277143 196350
324143 167529 472790
99359 130599 473952
261916 236812 788936
185191 120280 770874
97152 48361 736685
184413 322941 645231
278485 140841 692752
7606 332003 555150
154823 115367 80104
92153 98534 127208
82607 58589 287994
134933 71935 511671
141187 275048 692100
18628 179032 527828
204623 108727 773001
239337 104479 596499
137693 144406 612503
176125 290756 487098
128239 729 578829
154582 78190 372578
217086 188430 64335
189756 66038 184057
122986 278467 785082
50878 23166 596495
290554 46262 91549
260573 178292 174723
221401 80768 547277
183776 332687 742376
13551 319082 273582
87328 192163 700468
114038 136832 762301
259728 263062 280301
215419 206552 125371
320649 124032 132744
63926 252586 794237
264478 128546 99396
239160 100640 63881
283957 283028 111845
310378 261824 101074
73164 182484 734037
64135 108435 21241
211873 161005 559966
20604 22068 6199
134829 321016 326195
277471 167628 102369
144438 155111 15550
217911 167372 749865
36840 237147 667743
156051 162839 384932
314889 47987 774535
228095 332408 510015
81756 308503 201702
181615 113346 153280
8587 103017 321565
40397 49849 695917
199029 160841 289324
105870 25023 154366
40641 213700 612735
174764 200263 521052
96579 127282 309749
307600 12911 490550
264794 59745 342381
51786 76236 72748
215489 85051 535007
227779 263177 718521
232647 280000 61893
255665 13448 436743
271067 152821 787546
124024 192986 78216
274796 61784 678925
284676 105177 289193
317879 8119 666714
263497 327778 137540
98430 144135 789352
146322 331003 646658
51061 299109 376940
285242 107840 631983
233484 124266 608946
166985 187152 575572
188697 62063 742153
191300 141205 192557
136905 292344 717824
236824 67864 287706
50719 246405 689707
134308 284015 673592
55913 159207 146312
252185 225766 734758
68642 244085 233816
156004 296857 766566
285003 1301 155540
258292 116366 12972
42732 276149 265182
248743 166284 118231
188690 256703 46647
17228 73449 88985
80906 17301 497781
329953 281602 710096
268625 85952 497108
320479 173304 664715
193858 77135 682415
118976 300071 65216
308600 266330 215381
267128 97556 634215
289086 5663 130674
149513 141507 134005
47674 220037 294772
192620 193373 605260
115865 110295 281579
184178 28879 735237
28100 301600 293354
287376 10114 599862
23050 110900 484611
107664 83307 394183
277378 183545 459472
170326 115986 737376
180625 83457 704432
60116 220643 640666
25347 1706 663005
327587 240524 776082
29007 210479 117511
158974 109409 681941
159645 203544 638100
296649 121080 233223
131744 131421 632100
318695 24554 710311
87020 33335 602686
111184 294498 668244
275121 196069 113054
48346 192689 241368
201878 247449 745317
319958 129964 538138
276873 135806 460555
315586 296394 246337
265384 8903 559326
133822 293140 261924
224083 249024 641149
70104 21418 147077
53339 47697 531480
117072 272135 180034
48942 40049 307718
13711 262754 505372
269038 255558 532426
188524 71424 305440
81112 253321 728167
79595 66286 190917
180574 200320 267107
149810 93994 33154
26464 148389 607564
264991 39229 647166
225365 298078 763937
40978 167897 551620
38023 221104 382077
82440 269592 674473
9584 56243 180295
55332 91712 706678
102241 78692 687108
102400 182856 732056
4566 74629 254903
80622 115096 779015
135045 127239 261161
22559 112491 596944
127515 165717 614500
173684 129655 216345
41491 240637 678666
43216 101831 196732
244789 307075 754467
82793 98436 312280
53148 310653 724073
290366 258542 715326
213227 198069 390464
227119 143769 299631
70625 260593 540054
81718 68804 312542
115264 183228 616680
273768 38974 624014
122654 105812 643724
15399 93627 775704
71739 107401 441751
53439 181851 286620
272409 65891 787878
251139 148716 492359
292624 233448 526693
145004 64488 431542
207493 139494 152137
20925 223500 501435
96136 299162 292377
283744 212799 153817
62215 178436 233857
134010 39165 495583
123793 126649 366363
298456 243199 747784
5066 282479 329517
199525 203613 775624
61555 79578 87075
1664 275919 712612
302013 315361 641794
288227 242843 252559
214879 202826 799432
200059 193580 659260
78789 164715 653005
10745 135367 633076
157527 322237 660455
277854 58776 618876
287031 270273 671035
16955 67493 662705
302733 204097 100679
254806 79952 181334
60176 193060 681821
113117 4532 147960
300720 256451 575086
35653 259688 585743
223963 239899 732430
193811 871 711259
101105 194083 131980
38990 293581 576180
214213 80311 385796
81239 333116 545363
80250 76172 482630
292711 33378 494963
123862 75609 570417
67043 170319 234417
181643 50903 561305
123772 312721 796559
94342 265594 196562
315299 161748 673141
228906 106696 2311
200747 277537 229207
169136 213377 448912
290200 279539 392549
270773 42664 224610
139635 317867 578755
312440 174704 569606
106165 211850 319750
54759 195649 800061
324868 174522 305386
34091 305523 315476
290159 47316 554048
29187 156757 750114
60247 245808 607772
286963 103159 569162
307552 283895 347078
3761 264449 241311
285488 4599 453098
104237 192938 31117
65567 147752 633037
240187 286736 174005
208456 180880 253614
126855 200478 273224
73414 1490 633869
306637 156592 254340
20609 180970 539462
321562 12416 778599
112135 173488 134965
179285 20666 90470
292398 168919 629302
139879 98960 680879
108517 113479 266610
228554 35229 157064
293109 121637 86892
237073 72924 382006
264623 132028 307668
125097 192219 184861
188283 10814 314303
119243 213035 89162
53008 86669 687607
331588 283726 749382
303245 212090 652089
222676 168282 788888
150798 113220 598352
164350 215380 592794
25901 217019 218508
257312 288537 190177
120733 19311 526402
32404 80770 484954
326544 140056 387846
85886 87328 496221
176752 156185 599240
246833 109981 613793
77545 221088 780862
306325 52833 789780
2091 105668 386460
260649 135128 523076
91829 279774 755564
141893 52193 510579
226729 328308 720971
116433 58963 667461
203307 170756 459336
105225 155527 447672
38777 262232 570957
275226 300912 568471
68846 131740 211151
141970 170922 768612
32997 229215 9339
137719 272796 79205
11308 203242 582360
197207 228420 106781
126009 318594 635983
138870 131272 260234
4967 236953 274987
182277 75982 236716
172034 153442 286650
204502 189242 54475
310995 168979 764062
292837 87350 330741
132568 173190 166971
16779 311857 218258
143552 309239 39649
138837 289923 782555
113885 236058 106358
213913 298891 295685
31620 73281 448526
128988 277304 220749
44792 186066 730072
11337 254632 532890
273352 206199 475903
122145 292585 306476
114282 300557 733058
272994 270053 82421
263789 161247 748265
141127 160908 17791
253426 19588 307830
145450 322969 219624
128063 189374 756879
147049 31168 665659
14577 321457 257715
58704 227529 384330
289617 248276 687292
202906 290876 182550
261348 171402 44013
173619 186906 216613
279101 286380 650281
50781 284688 534294
245541 63839 288211
182699 69477 289319
239662 259485 778803
136126 169655 204466
314947 115866 555535
137781 295098 721420
165250 268623 786673
150023 72220 437058
278971 53951 470891
147895 16226 412993
296428 241230 173535
171895 140910 751525
58280 267770 520327
212731 230055 649707
34516 166886 519126
215602 25080 156065
215705 306437 603476
113609 298731 678297
289501 289023 272204
105321 281418 124856
198911 193589 321541
112721 126954 715581
10688 168400 348394
89003 150885 608312
21682 91809 689647
35478 207379 653138
41801 19646 242092
5897 36972 675220
277905 77365 147334
149939 199251 187722
284100 160440 670509
127562 205022 107401
185884 156976 735156
297882 216633 5189
326166 166157 314582
274271 136257 695889
28524 3327 640061
134192 44997 762757
236367 261560 318085
312226 35894 271875
68802 317460 720839
274851 71899 755574
100049 201695 456283
244182 156029 602882
253032 198427 163125
197214 44102 388374
283669 88346 455911
78385 157228 702101
6518 41601 280066
65089 140008 87033
92687 313341 331136
276653 178003 501759
218581 294101 327828
138232 193825 221533
117346 315383 744380
124128 252572 664194
262543 118719 388973
46018 307822 102072
301612 129276 689157
156455 289265 142957
313323 282464 488388
9215 307988 58835
21247 54374 166276
27579 128780 690105
27079 173946 135541
232875 286121 600816
100566 257210 704737
184969 255268 166411
110628 266840 745667
261687 82755 696399
149682 263855 208028
207745 241087 67589
185115 6416 408107
189764 281238 303246
233561 242016 600511
162456 185694 188298
324398 82950 730148
244678 79683 475998
264143 18275 66812
286434 183049 245520
10975 61795 435838
299603 287502 795147
162413 322162 269551
157982 30372 513739
23282 316215 512725
242816 122119 326277
297013 266079 708702
11882 270164 711459
243502 93937 567916
156502 184740 321424
239127 280983 738351
318770 67837 311667
520 317853 213658
99459 183278 554462
250374 270969 556184
59346 127568 248280
147091 121720 309708
286592 292841 267723
47016 195085 771062
201562 102267 616333
28164 60213 137769
252526 125338 79403
261710 211173 643288
130459 48397 188278
38639 232363 3579
42210 216463 21867
125806 81488 609021
205931 213653 796678
84059 307799 226780
94092 183718 199141
48887 297994 314781
147808 298361 379050
144853 241056 37282
260174 80889 660706
136056 73306 567231
306685 34663 285313
123601 269158 112077
153714 234529 726766
297518 239832 531324
152549 51199 402747
318831 118429 518789
15017 243212 786708
188755 312200 740834
94240 181017 248551
231009 46794 125972
157207 167440 654950
29436 270550 381185
195000 154966 478559
293901 66702 369443
213371 197677 555086
74212 34614 759772
265370 43816 785742
36240 62342 620603
245633 267634 732632
243336 184383 700485
68538 212840 564860
257090 309412 199967
91862 142714 515783
174232 280650 621676
212608 92032 99160
288324 320620 387396
261002 31492 618576
205265 249747 212027
208586 282398 580794
246573 176317 788352
249892 306258 27524
125392 116770 676711
140102 120200 549764
292553 307502 580208
64145 290683 503857
214221 36259 627791
149155 65968 758692
84360 25117 699448
98784 258890 790997
196873 128714 231884
284611 139715 68221
263520 3498 693691
179904 122809 617296
149594 282466 15535
160802 48629 563624
60831 222059 714908
213754 221297 760867
161188 96386 662702
261530 253725 396402
181701 329299 217148
234347 167960 641453
69003 219331 4840
28276 131166 384335
44919 21540 484773
124360 63212 56579
88907 73174 208546
241913 184 160021
330444 48220 66120
255125 300953 292477
143281 134283 83051
190625 31798 379626
136664 7490 588021
207047 121836 21563
110307 212106 50306
58873 264367 550542
329066 253522 127290
