1000 220 23 19
128979 235159 220746
325870 212628 286165
295017 73314 69817
277999 171120 204236
9666 57236 319794
156375 64259 202329
230163 39262 198242
161360 73747 62645
75252 187377 309484
275277 193968 58502
197267 205914 280149
225778 76274 677322
90068 3603 14810
278059 241510 139492
101338 164900 268374
231069 115191 253010
22572 25825 35321
57014 92385 260011
149830 325965 287766
16943 99142 157308
52869 58838 121528
18885 43358 106226
49102 144767 572485
191150 214154 166363
22037 230505 22037
293928 70208 241827
203971 145258 285250
62951 148175 293370
4613 110202 719276
33595 92743 147101
94215 17446 103841
94120 225096 644994
198390 246426 538041
314304 166461 492254
330820 67971 44206
149988 167921 137269
77416 39124 112519
107155 183753 103508
316221 175230 635639
294225 119745 131241
8457 298505 744071
288059 220422 61895
33773 194941 322819
194009 321484 151714
100557 160 290249
248649 94991 422670
81337 260716 219864
283512 196067 235293
80751 62632 251562
11352 186712 235289
150480 207809 89888
156655 280964 138346
49542 259743 19525
18493 144342 388415
158879 38995 504211
316246 238842 400892
161803 30925 247661
269444 88419 40316
280822 311554 188042
316947 89181 178421
228980 260783 320848
27314 290561 62570
270111 269732 580448
211746 265141 286013
314317 225210 78933
152768 176427 696915
303877 251779 644537
177230 144832 854
332588 166222 43705
21887 4228 15899
317487 189201 656913
227927 238644 425526
106146 73704 229331
22315 106391 217702
94606 193879 92500
71034 24799 401374
63619 240458 437136
226798 139997 190097
207828 295845 115916
273531 58476 152299
146473 84896 30081
101651 72949 121516
176938 325109 90051
41842 218398 59093
199165 296469 179104
72752 80886 110126
36935 133355 455500
224658 171193 213092
260504 246075 55038
321994 88363 195375
296567 246711 180925
198173 219083 313672
172866 260672 171682
238590 103439 309391
128135 115013 128013
13099 46724 255256
202875 240381 161192
332654 107497 257355
312607 257287 275272
179234 300849 684764
132152 330176 169532
280971 103079 276539
329822 43526 101598
20308 328081 131976
109764 291129 491951
112684 179496 269258
174826 29376 47209
217212 272013 151184
305944 101871 332123
166297 269739 180946
93697 98443 301253
267894 17310 245240
278982 157112 257124
4199 17151 242740
72881 54369 599432
177289 248639 302939
107801 176179 711419
251042 198475 92528
229647 207759 21064
182023 188522 738737
77977 243819 542482
137778 241732 280332
155482 78735 17642
186033 131971 142999
28268 276836 61730
236852 29810 182982
275041 110057 244667
155940 102428 52559
45698 249283 649024
287714 118597 91862
277720 120416 14729
276861 89141 132291
291404 150962 118679
8762 322470 754928
126572 286786 40669
315676 282702 232805
198402 262651 117652
287820 276201 291343
220702 104579 40568
300085 310153 64252
310215 275972 218949
249426 88702 149976
229188 220020 11231
213554 315108 328721
132423 88821 36042
298876 90834 308526
205613 70007 222147
332676 293789 685866
48802 137665 176080
42439 52814 39666
88732 239146 510684
149419 120486 146769
262048 209039 671991
70400 199021 185525
115294 244751 297421
230206 79200 709621
91530 2849 581853
34080 40550 225649
19167 217772 107942
140173 259267 222880
278058 36111 189808
266688 13995 238673
161356 50274 118240
76884 80579 120663
65255 32339 2448
203180 295187 81400
148923 263634 257252
100255 54364 286282
153201 302274 521881
254124 62801 242355
285915 47768 35100
251492 234468 21159
170692 84529 275090
169835 286822 15481
297465 113786 512327
150519 126867 432987
72060 124803 312184
85531 149503 765908
278341 206637 36842
166102 277955 467439
113392 51527 70032
36758 265196 113462
86841 71371 99474
88320 234727 147236
249172 59438 72574
58057 57032 328974
95048 218374 223370
294961 134450 369633
261511 203583 59376
54158 127759 36644
319122 189558 171483
90247 109638 37699
287298 232439 156965
70529 215747 165820
133002 162856 321283
96458 147943 300775
12432 198890 197448
219605 95805 300691
165197 148170 25414
173973 279299 62300
18463 134938 354120
158999 62486 465037
305479 292162 655328
230389 107497 310542
325287 321338 70660
108166 79963 234775
207518 44537 175295
13321 278922 102738
278207 247460 223782
278139 294847 128130
61235 292993 152583
235670 195252 183929
217234 124754 190737
183230 39583 707706
206174 116781 298517
118645 217376 665021
231317 209835 210221
195818 316247 239915
170168 3072 489119
317914 22388 24176
189928 181910 196489
232703 154211 112682
163768 237477 96361
249795 133527 273674
258636 116106 547955
224513 98703 44918
71274 176049 176866
309397 13399 508872
293028 224064 242327
326562 107503 100925
240409 237833 206985
109724 232906 34880
65041 292042 277716
181545 188964 26457
263554 31771 126138
190486 23585 92010
310974 21967 138367
87566 329782 491002
176879 257856 145418
272547 253355 280282
216963 88331 298593
327156 212175 408995
323197 148409 46692
331795 213656 315754
174742 228854 43771
74561 235968 55863
73857 316037 195795
179576 181236 67967
10716 23171 115904
188779 117152 189317
194448 103400 259260
87612 311479 411941
34759 312614 169417
329697 231831 165584
258550 266688 673362
224480 156340 269270
154893 187208 651665
147806 163653 271169
137269 14676 149513
204475 295968 464539
27877 71795 138280
268076 171912 271758
259967 119633 150754
318682 115635 297784
92794 3782 6933
236805 69661 52499
20982 107623 311694
48938 285501 108689
326202 332457 279438
187268 11693 295758
302498 188847 148018
39138 206188 207982
321588 197304 22352
42530 48506 227799
190788 270135 448872
301889 110347 209126
172322 141065 270645
53835 285982 324159
104211 234780 395956
273719 138229 57333
68450 312183 727270
234907 136150 678202
289788 266475 20747
39183 172032 719652
73402 78155 629212
43043 42123 176748
315655 66721 69236
231941 161651 110065
244071 123588 368375
283420 274706 327105
245428 27562 649340
274885 109116 580068
128357 306660 172459
143403 324996 610991
118286 327768 291013
114521 258223 60122
120377 202993 506668
22930 124490 192956
184765 34920 132466
266035 88829 396467
177089 244126 444738
300562 295382 622917
26311 251569 132211
308829 200301 64061
248778 174625 610050
170245 905 110752
116197 119169 475057
55341 52646 49459
167352 287637 207145
159404 331594 119001
111233 49867 572508
4351 262652 96944
281810 295804 124606
172277 277778 200659
150035 34335 165241
265015 137637 754418
52384 116054 81425
211502 100452 225824
62219 273497 263110
83138 27255 51667
227532 24975 243430
330371 24997 415413
95032 332883 191810
258549 190179 140922
228349 259100 362792
170447 278178 15644
85792 80955 48995
224737 38384 364073
128430 232087 164344
132201 257585 451855
226239 39432 270200
107162 170508 115165
143794 127634 268284
158001 178014 599947
175592 100860 545050
271472 254289 725101
141120 122425 72946
224271 306666 24264
177616 120017 232964
258123 80468 301414
23939 140702 549410
122065 81594 366333
294862 75218 12991
16201 158039 208124
257118 9980 117693
104390 87343 158798
197792 170000 67716
171726 148590 263352
266853 24718 294835
116591 45536 331207
164020 251731 7091
114364 164526 164972
106232 206505 717159
118345 155687 114753
168389 324283 103628
326358 23757 50771
108368 163963 253546
290429 35581 57713
49601 124458 187971
280021 95381 162683
135864 77736 58948
84467 161113 201205
254611 71693 296748
325768 294508 174316
103801 292172 101854
216302 243930 6842
129693 113659 217495
308452 608 68563
187772 125323 95932
10877 175799 180814
110557 138988 315090
202388 104015 563590
85840 209125 296193
131222 277576 121828
256672 81713 62945
79490 256389 206913
272531 332142 1146
137138 157175 307425
165556 143974 162487
242449 319444 192372
178494 98861 60241
145354 172353 40124
48951 222898 206741
308869 23579 269440
166162 178471 350583
187255 250026 478943
152495 292654 67112
86780 187712 8274
184903 319824 119716
60335 300116 25448
332273 269328 204645
63524 31353 30430
30861 140206 201398
164567 159817 24602
313686 77011 308942
206844 11566 79080
188523 222591 164293
75161 333282 120329
100549 197608 32499
90982 279948 150322
289131 71396 679477
304253 68685 162576
63040 124330 276987
35025 141316 322451
3424 228368 247569
28439 178561 54605
131744 245123 637072
47914 72110 236548
229157 149041 224004
69144 24937 170519
2732 243419 263196
178503 292057 675086
274253 140321 115686
289187 39533 735151
213785 9826 198080
315520 234144 238822
42759 280248 175687
39392 183941 529338
146187 134365 18327
196636 92657 201362
138333 88432 306494
170626 314070 240196
231814 136286 157393
18623 279896 253687
309076 293889 326235
322222 4464 192994
290655 29905 726407
93695 235655 320779
140893 26011 147664
262600 200292 197504
147620 302787 102477
172095 229971 765208
29228 160563 319607
247481 165752 7121
299043 133312 195748
311361 97741 121117
112558 32798 553860
278033 69093 302670
257848 27511 184274
205502 22872 74851
155147 235597 139896
281632 326432 152805
114671 85620 768016
123012 280867 27309
322963 303881 11565
310563 27536 230675
56830 85515 173231
180261 89533 597126
254689 272407 284061
246674 266202 137112
104377 204096 73444
77896 323532 119664
33374 132172 83318
193389 147352 311332
299180 154428 682049
73905 259475 635303
191065 258615 223291
325880 299476 165096
133709 172606 175763
256694 197445 325307
48948 265097 82716
239151 185661 247650
29406 111135 138573
270253 251407 152958
174115 121913 164302
305156 236462 179911
128588 281725 233227
308501 118383 7074
216105 5888 143922
323571 142714 179804
204635 330437 128475
170660 277671 207978
193138 330685 298174
78656 132053 46973
90121 291741 75348
81620 186464 208950
301907 99609 178581
45027 13197 660159
150766 232393 252515
323181 311975 108429
81389 56161 495447
59215 99700 224651
124970 194523 612026
16863 302058 122530
21274 15079 97747
216746 157484 272849
93712 283130 589985
211782 258990 247884
36440 12622 761776
96443 54852 27025
70851 150858 322922
222441 102647 310278
260258 227436 222100
265668 68440 292125
149017 321909 27265
59666 105412 61527
39303 77175 171404
73584 23811 160782
161990 303553 271606
16533 304984 482173
236293 35284 477690
222343 1799 445756
139169 45251 132050
296599 163390 404031
223811 73766 102108
332350 14009 280445
227675 313211 329592
152827 36913 717759
205078 284652 300881
146933 120606 127085
37519 32548 323999
61036 214371 305885
11193 203189 67017
181717 205098 145463
86640 176314 286454
140859 188154 271965
270937 314186 91690
32997 270499 203028
184298 151836 50473
24049 129710 322057
3542 81175 206495
24528 133302 248805
190484 56340 238449
328944 103611 86581
214180 244185 137957
107944 67200 280288
257004 303789 262543
209360 127306 659466
282788 73700 139990
280809 327871 299507
246905 160568 277786
45128 149362 24269
121309 90417 14176
201116 137809 275837
187000 243257 213468
41902 92397 401846
133011 189089 223721
296078 163968 154451
76207 246702 4566
25963 174768 243787
169487 120224 41344
314305 31678 31179
146322 108445 90688
312503 257034 518451
146232 182022 65429
209737 47459 216124
93730 117083 247359
174054 82709 57132
107341 35592 210220
20562 319892 121554
86094 144234 182345
93757 24234 75092
327586 116252 634461
332658 213038 381840
290436 149946 133392
270169 128589 192758
15723 16951 240789
84347 176225 286387
9008 251462 311571
33634 6551 1287
14301 244466 27232
40472 275923 321595
53438 330703 210959
84347 254415 156781
185999 78613 326035
91801 6101 564634
292637 84710 332940
50733 34548 6563
103632 141674 273536
43107 101837 285678
177500 94134 182330
47782 13690 128879
254823 110781 260926
90382 84 153506
298494 136420 59572
194398 263817 196830
47671 130448 213988
257221 27447 698181
224056 181346 229112
241199 86097 145205
31999 307954 322410
259789 281663 31868
74651 316171 133966
140316 79628 330764
2917 148058 305994
28710 46446 107903
21902 201441 243277
209387 324018 601368
74804 193108 274723
50168 105064 183563
294643 78317 118346
255674 116710 266081
112945 284766 298095
269933 37419 218561
103474 223294 284301
222518 305305 68954
258957 184057 57986
129016 48892 200522
68195 231892 104926
242838 260127 175334
330924 224031 314376
281062 248670 295890
18827 233877 286225
126315 319936 224570
55805 110423 82907
44913 116812 499136
41712 29654 547710
88932 226681 277394
102025 249543 547200
210989 231911 80631
230922 101942 71941
142826 241884 183197
74380 257054 258115
187096 45909 78406
2949 141527 247302
204135 64081 141016
157322 277537 93097
124289 272110 225683
290812 12733 522309
274459 292633 115930
102571 41498 741937
161043 293328 30967
155781 77859 282586
10830 30323 83721
276951 18268 183972
331892 105287 221395
123565 272589 22467
215872 296592 730386
324374 153001 182891
87817 94172 54594
2396 17536 275882
319849 211661 140093
230432 93094 370584
70179 66905 202003
82745 314545 130673
24478 52251 289673
287618 333034 128415
287229 122983 306587
10422 101670 141665
86266 67655 286136
184513 78770 143554
196272 330477 5333
228777 21895 249011
67550 265917 40028
37555 145035 10084
239929 184324 176094
83045 167709 476016
264248 57509 103555
24239 216855 332401
249652 268895 78278
206549 147774 234889
22692 9918 27289
225965 7293 287203
203896 203373 165111
304810 259293 309760
22342 155012 150514
146109 184951 259873
283007 43445 146971
174031 45240 451322
301849 262593 262694
243838 114829 74424
320305 234434 55948
187102 66582 277622
152534 128220 131993
248360 70719 147884
158725 247137 338076
280325 187205 19294
6886 5552 169094
56583 92331 179083
18147 94724 236009
183454 301653 215319
290066 323290 283904
176066 257263 102514
327683 52815 190534
156456 9197 205032
318074 183525 157051
226226 117126 733919
139593 132817 56194
302293 82585 100297
226081 23309 602096
238098 87685 400242
97741 221777 279736
271235 143899 685447
209164 85385 262839
19797 77193 211257
60698 275826 130359
42377 296176 46870
225252 226091 161266
316981 95976 174590
98334 269926 51112
27846 58699 45596
134567 72503 632784
323972 256277 674355
207288 263102 125779
83272 253481 95582
69785 120817 530404
160655 275464 466256
234550 101862 28715
269780 158608 314322
145611 271015 217444
161953 156239 536610
14765 68278 32636
56434 252264 91829
35004 310738 250061
311074 240944 519449
124237 19074 136284
159508 236503 185957
287256 30134 134320
315561 111049 478377
95230 290775 207030
182982 202873 76461
120585 183726 15688
302399 136182 312060
160157 263446 169727
187518 167122 214560
75314 44455 701558
270789 274631 120830
206930 92561 597691
305733 96485 33258
75717 315991 39572
110240 64162 121063
109504 304048 198352
88051 44928 81452
208918 22089 2653
315398 112593 185880
7707 109407 92638
43249 161059 171060
292059 246736 26271
249918 151877 457529
56472 40573 97052
66109 11096 200690
245104 14687 244459
11545 59418 154159
315564 135685 694832
329697 178065 139500
2181 173773 37567
107779 241100 283523
181729 140152 665568
117292 92172 95201
236866 174746 13468
172594 84877 43212
282785 1953 743962
295191 125161 46062
131548 93350 300818
305842 145709 124952
58106 269060 261138
324194 284025 10240
69923 104081 324929
294350 295275 211516
94898 204578 162813
179480 196554 362435
268044 141357 7940
148193 122700 52558
33327 288901 184077
274053 211293 4012
30897 161495 650807
64537 20527 149294
295524 315178 26025
136181 221800 330623
326139 134824 251919
294948 114428 760416
85364 21407 289054
218744 245694 247565
128894 7884 17578
288874 124928 177200
224525 319482 124301
254697 198394 83535
103562 196063 15159
243191 255787 357050
226508 59443 107926
202201 268942 128140
150155 194635 84470
299727 93793 190301
232449 239645 152025
189879 312476 77984
232141 92291 64280
137227 99669 651368
222237 171097 316985
54913 287626 273417
154142 58413 194116
320766 33868 742572
82007 13243 328568
151574 134538 197173
198032 183690 19441
306299 93580 50359
130667 317224 236753
328629 132873 131734
185959 291823 633486
268006 91855 168807
137491 281334 571828
46003 273247 700756
307121 84277 114849
280828 293804 95398
31397 222853 190529
81181 226450 8273
294390 225531 179952
60093 159588 51859
310119 27189 169527
5051 88361 335473
88679 313469 75044
306827 215810 302719
191000 79276 73732
136444 127716 92542
168246 195585 141704
126528 271810 87233
285539 245656 74840
322259 7538 51047
68113 251024 27769
155569 62765 444740
165781 170545 201626
69406 223087 372866
258614 191198 263318
59088 82665 730727
281526 52499 159875
236516 231093 238568
239962 273632 158972
310961 79968 118071
72047 117398 295189
162470 315297 99964
204956 212641 14221
236969 155580 472256
21025 264638 687648
102678 148865 182257
331452 257291 244017
236523 210235 33898
31240 228758 213158
62201 111174 212854
268532 134799 264481
60467 236859 199432
94218 83929 319825
37625 151214 252247
272172 240264 100070
185856 132365 548693
143832 256060 40531
11806 250911 688820
277661 164700 629846
139835 146562 93235
47724 310865 729039
29349 282671 171507
265478 79652 96754
323026 33882 662000
130721 234530 311058
117032 3572 36432
272288 131722 148026
292563 298243 154701
31483 58076 241170
15605 258457 109584
69995 61370 122995
239826 280260 290600
320012 264913 236427
86983 109998 54308
59492 40061 53640
65829 306824 44279
235635 262383 764274
288876 329501 370904
4216 254363 331487
233523 176923 89289
134008 268393 221241
53192 291897 34748
113735 175031 206307
14921 76321 712053
233617 220424 67803
260022 171147 272484
291826 87082 155042
116510 296804 17288
180812 81485 29043
61786 263163 240336
293994 218814 735769
315682 169356 697560
235663 260313 59759
36928 6421 764887
220437 273029 276652
253707 150019 231727
15133 253163 169005
248248 64165 130017
318882 50422 196497
171643 96099 194666
18341 108508 302272
133644 113267 316649
154920 50587 520580
197997 274888 238809
100808 183284 189504
332887 78076 226837
242799 312109 587187
108363 91928 254998
300605 262810 85223
246065 79561 143074
232326 822 109709
85093 324910 210380
235112 153474 75962
254827 216150 330753
184101 9788 102352
148262 259881 177497
281590 238474 134853
67383 16670 51090
287851 61189 306260
322397 239094 209552
6770 100741 226734
177272 16583 102259
132560 246919 104254
275001 285351 87094
132556 118591 276604
209262 216641 327784
299867 199601 255284
312477 192136 326722
66417 4161 579817
54566 312609 209919
217760 38767 138738
322180 147951 323324
141139 38580 169532
315269 40436 327633
185788 307111 133112
241648 100208 102485
73342 100176 22519
67863 198733 484089
258801 279775 212303
70225 96066 248147
99527 20238 80219
269479 100645 108526
297937 93471 69720
177386 162079 135655
208570 171667 110742
127104 249254 330677
111729 44962 261291
284572 24378 256860
185261 322393 251335
259703 69416 261678
217744 226250 293806
114810 226488 68142
29016 124163 218786
119924 179958 743663
326448 247378 189253
205882 270393 100
24783 176072 290544
202371 216925 107688
12891 306390 71998
36917 57595 253831
194992 312304 293442
113380 180013 121647
292190 10323 226443
286043 72166 665446
313718 104890 3047
212036 4063 306329
316242 173147 172342
219149 238571 135055
157654 286482 124178
244268 32336 625936
177575 151151 506261
103228 94673 141839
277792 178225 277286
99253 137164 173155
126205 328545 316295
294706 268588 615086
85414 117990 663441
290971 186240 235671
312600 97535 744729
245744 331800 85
282725 35869 569447
217409 31956 184734
237476 95172 239795
327099 108107 58734
93061 98918 80919
107090 281948 133033
166468 238263 117406
66419 150037 55991
296351 190747 608032
101625 157945 333445
63595 79067 244895
248880 80051 271577
130170 155619 57305
30732 327475 69586
124218 103937 301002
212849 157074 116163
68918 235481 619251
135656 36479 703930
204798 182591 275780
308810 178508 25945
110629 265135 628548
134867 312279 59736
159423 71729 269450
218868 174148 304705
63461 217128 317697
128754 28338 66493
277394 308606 19372
146116 20624 115255
43280 36073 34842
36036 58531 151230
207101 151020 207161
78459 110008 163844
65681 275822 33342
232916 141305 306384
13412 199039 196858
243128 282946 151478
312439 243323 165833
47102 302057 52900
300766 145467 332857
107921 100422 73253
148844 91683 47541
123697 196156 162678
218752 122334 232967
