1000 34 4 5
14110 97648 431955
293782 186519 146142
233348 70808 53701
246531 251159 33704
327584 4902 191567
113433 316856 327335
129565 10444 88777
310750 163529 182423
48823 239252 6720
64950 167601 279878
152483 306445 225234
264398 295112 31867
202094 278566 277962
287161 290855 105877
316961 12766 75703
313715 108470 622823
1208 121449 121384
153456 303727 289549
62893 127577 126809
325252 241771 317797
6084 23185 200030
207092 279512 43016
98750 331874 332187
66367 236133 296716
114092 51591 271865
57765 170200 295399
8499 306452 3602
62289 259333 129127
135066 128583 177135
151084 4914 330285
118013 5369 71139
155070 157356 45470
19678 31305 230959
95419 26806 76339
60308 85657 305786
252555 102965 426122
249617 202792 147100
128366 116608 134063
313070 169881 191967
99872 90009 161207
59606 269979 281615
274669 201894 135751
207534 208840 276823
325553 241669 33650
234913 199971 121940
106839 153067 175719
233235 26286 118862
12787 317703 300480
247680 90728 113876
31486 20065 227521
49060 308000 472392
175918 248956 217112
213863 313992 90861
235404 23797 163875
259666 86438 263635
181031 204052 251568
56763 237836 61352
72512 225962 330590
6182 107196 122462
153280 204142 107392
285349 45379 248199
67421 301675 232405
157861 284055 143179
187030 325351 282993
86486 277852 254603
86487 77419 97783
209127 49142 195089
115227 184792 272106
324206 191363 246699
41627 166063 36507
304084 235804 56695
259088 303661 222907
15252 236965 363093
94490 239609 210589
253696 310953 28431
238931 307502 89410
156039 84005 108471
263909 15895 141754
130654 114510 135079
87738 118646 129114
70979 183694 191168
244773 79183 118075
325726 195316 273131
208908 199669 249964
177157 223083 156907
65303 305835 235513
203636 4375 316646
329030 311579 311695
302147 88938 179660
212867 51269 60768
259074 152461 45065
268262 172295 305829
289916 186384 42103
65824 152549 120181
102706 180422 97141
107163 323508 274671
91944 299036 59132
219474 228745 276969
95048 49835 196829
163297 114906 41861
35761 299839 8096
315958 36123 77257
200845 174259 10483
64157 232729 71744
154773 280022 323891
327017 143373 177439
245850 144984 121844
233636 271603 303713
210124 116822 233109
171034 238198 125455
273739 251937 59773
111217 113412 83187
253246 140866 226677
197920 156732 22467
238469 148412 30961
58657 41996 224419
228690 164490 121032
147534 28210 299805
104651 85294 313793
142176 124566 316137
238046 55623 306632
264222 129334 81746
121211 222067 295337
309744 233129 176390
212107 314531 1297
124801 315259 293973
37846 270539 129818
259678 172844 73795
87951 80298 207316
294528 245511 317373
69496 71409 78728
11264 303006 225701
286551 130719 291466
154367 17416 226569
251702 251562 323785
143190 304549 19698
283802 242728 247322
250767 207684 333329
198013 298635 62267
17332 145375 321026
49773 301159 196621
197681 49074 168725
310397 3955 209715
222837 251973 39921
170441 254033 60650
289206 239877 85580
314972 63272 130791
173105 317083 117666
59007 326486 281012
130279 314025 74850
183897 51989 91057
40339 80106 194855
145585 134320 145730
106675 252989 111709
298014 160897 141416
303279 89648 147660
11578 73378 287542
209174 201536 129075
71419 137230 86616
5827 98982 99958
181894 242407 71872
243397 189064 47561
255532 179056 164734
23034 282536 172169
218352 184310 134897
259599 130295 212023
78781 73330 58009
177147 48653 201373
103432 45233 167122
67396 96901 21402
146822 227879 162806
202632 31714 69251
16919 91963 195843
84216 107374 74663
288963 180896 199402
278479 194592 208856
330443 173626 304647
176644 90999 45907
21917 153585 109380
36548 156848 243377
203055 255534 314748
278389 155434 129957
143197 111511 109479
300246 171622 278214
26192 30467 105283
38297 330378 26313
264871 114002 144526
195195 131796 97478
245635 224786 271869
138545 44695 245884
182518 237773 88008
285564 291458 39539
186318 100064 12404
262887 77673 84354
192983 23606 95831
99377 288958 95367
258364 147867 198140
224604 213877 102975
158848 82829 320974
294768 54036 72234
202029 124009 46781
305111 276148 8010
214232 164299 330384
160100 219667 270358
277664 274045 188621
318972 315702 3058
179897 121126 91644
97448 210428 318186
149225 271337 251189
195702 103102 558760
64372 211848 157460
223097 145453 117962
16032 216438 36656
217483 245080 86263
302701 96102 39108
58095 179626 274320
79671 272486 180375
146587 240072 253033
206901 312244 183281
55329 266652 320100
314790 177301 153355
239533 135894 299282
192255 210532 134050
202336 264633 176393
205899 324373 295348
263179 113036 136606
90248 113147 213762
277573 178555 307320
254629 74979 296539
219592 235320 78313
124502 151711 227069
202358 301394 186424
134531 332239 292536
249897 325166 4311
90597 32861 239069
28919 34238 120430
42518 261920 98947
316927 219706 194357
268395 97739 151443
130636 49956 77735
7794 302913 68413
71701 232075 146344
322255 14983 50894
44572 106077 73753
267094 124385 44859
125986 94664 263799
44767 185232 26959
107310 70689 142058
104749 49534 180269
211300 307043 102491
159778 257054 285791
127742 291941 315136
147147 150752 104860
254644 261396 31508
220206 136210 254593
327066 227650 194897
145435 154347 26376
322785 237397 288620
298276 110283 138055
92808 106149 125654
152250 321279 149885
187630 17911 39259
244674 77640 252964
178532 148553 278377
253935 28530 75475
282808 128275 137081
47874 16052 234340
239778 46638 156189
321803 192442 45680
30214 266867 256371
25029 256254 154412
196694 249870 331189
323405 316896 191820
301396 150226 50928
299842 36909 45246
236116 172090 369581
269092 152182 113883
37265 316198 27389
296418 91282 258164
52865 33834 88737
31517 309785 151591
205468 152195 162290
144822 63865 156785
49356 253210 120928
295921 88258 264161
132250 117036 170040
364 70240 53622
239297 310801 260743
170705 164654 126734
261969 220507 100823
11387 204503 327186
73663 166452 278612
72006 101748 169445
24039 228751 272173
62809 103287 285586
120529 77773 262530
76409 75235 202723
206868 42972 169876
285279 270921 311115
31674 24005 234702
121943 269417 324325
32898 67655 123087
164204 264455 251140
113286 201441 187301
250675 153386 111183
139213 145641 18018
255037 197138 183570
151115 131103 7698
168212 321460 88368
86659 314073 173001
97686 331802 15062
138971 91775 290457
52374 13473 98782
305611 165530 50591
168915 249354 234630
102439 255308 189712
299343 188433 244444
317569 263922 247180
49550 46541 71363
146073 102068 208601
92345 67430 169711
252106 276416 179054
162672 285710 264308
327217 287399 239828
330952 178019 201024
119001 291222 114394
93925 102631 267181
246443 53241 252605
283461 67017 129788
255854 12618 147732
26244 196445 213876
264309 317882 157164
123592 32826 84319
215307 250779 113151
239979 241400 573779
260034 162812 50141
29516 102402 4376
11273 164864 104060
171573 172989 302851
89648 152575 182187
265339 4643 28368
191814 227553 326263
230316 166073 234541
48043 274134 41933
327600 207958 321847
85676 126584 87657
293652 47259 146035
110358 10705 307945
297963 271819 182027
118653 223348 26351
252994 312758 79240
110260 225122 217402
26857 26766 276164
322233 291320 182689
43172 102879 31487
58264 220666 110150
284373 114723 228669
165842 254167 110466
95508 128350 289149
204752 305940 166278
218247 106294 190595
135221 211423 115976
321684 304180 201475
58947 192346 76248
228728 252885 249562
71724 119620 60920
321476 161625 23816
270511 299805 37291
293201 177791 309896
150908 248301 213350
149179 300720 285497
278346 72953 294215
17392 259155 119584
46697 298906 265697
281189 35996 22158
189107 19354 254778
61254 197664 32812
140842 270994 271491
4170 157268 29604
101233 319483 180257
285037 224913 72672
184991 81100 552493
266236 103953 184919
33484 320364 188468
70468 295549 141825
287292 75701 204926
247334 5137 39462
222405 310285 313766
138956 299349 31125
210051 271314 157768
280545 295155 35181
95656 193590 327780
182892 230295 125459
74117 255661 261258
207578 298694 67788
274758 11007 302732
59221 154312 260193
220097 19754 114468
137257 42821 145650
8797 177325 256181
90563 93471 84886
112468 289293 48705
33717 45546 263807
294567 109028 35122
241147 263302 192614
157554 293191 93133
143937 96642 141867
119916 231044 106074
8338 28306 172099
227766 298158 265815
113455 224521 260199
281985 170705 53514
50803 295704 243551
141552 161984 217538
229717 3515 162682
177023 213523 47854
310476 88930 58057
284806 52311 95531
96393 310392 40047
245170 82791 169661
12049 149596 131087
46624 7709 106394
215647 301050 111736
309529 198718 183215
249286 114895 247000
302162 279315 91966
141619 297018 42608
266265 221833 236633
142617 6719 69266
116962 106800 19557
45787 152621 175191
1096 250807 207696
2322 173950 189134
223882 33011 239412
300272 35256 213251
85583 83380 163056
321436 229466 104696
246230 41186 250027
199691 69132 363781
134248 205841 190585
329365 237971 124980
213066 237105 255486
78473 287227 94830
285761 318590 201238
14869 167820 27202
3234 286686 581865
47318 280957 482061
304187 140162 36387
158074 248087 5238
275956 52184 284468
152862 90871 271160
285983 230626 139741
178654 36754 228526
247088 284807 32454
63208 309883 257094
126849 178484 124167
285645 9211 250863
137203 1963 125082
269744 238443 79897
67952 226982 111071
87189 197518 124557
305702 246446 28847
57015 69482 59151
87009 67420 81048
331990 100099 294783
289531 197702 193967
226524 46205 123228
58052 22518 170917
25635 182495 253465
76901 241577 4990
232889 68684 90878
313499 335 9566
77607 13919 248686
127362 174026 263881
252520 134431 234542
68041 218892 28385
204458 48557 25295
254160 227337 208843
173564 64809 100246
18148 191774 204972
133546 32704 220929
52803 39820 43407
22072 218991 196054
134015 299788 267707
260824 301488 55959
262254 15848 2743
262066 153675 230333
168551 136677 47034
239311 271817 232489
269760 21058 108345
148353 246732 303719
56784 209237 47211
307529 322130 307741
263511 257964 295539
217788 290608 106513
259711 329532 264462
257530 133628 180007
217649 216113 141413
290769 296321 180684
255367 120241 229374
214908 13562 285259
66058 80755 266682
247173 223142 310570
214060 103341 278803
279201 326693 325256
7920 170265 272590
296549 273238 300777
313017 261204 456624
202851 266258 166301
181589 263929 6340
323746 40163 201443
309888 231720 251557
293137 331121 269136
331519 65997 97207
177568 65562 240627
196385 276618 249443
3047 182226 295285
157368 115421 40634
76936 19493 26410
208291 331837 126203
45023 166958 200663
279037 91832 295794
122951 10933 74165
182954 63411 292461
181407 239958 68524
96719 301167 112800
249007 100802 109752
125853 96753 9828
248887 87549 319264
325512 7593 152649
304902 324501 7105
156725 252842 65776
253548 301372 171499
58966 35334 180098
269117 288682 236011
295276 8485 135641
267295 267952 332190
107842 144826 212245
280689 149979 13745
278282 246396 272894
145358 296719 293205
240196 225742 110719
129584 246721 338174
214391 131243 123991
46950 186742 278588
189908 127034 62413
30217 325297 74289
36311 157630 14137
292002 17291 244110
105822 255551 230849
157148 310253 24911
326862 281704 92816
175238 291012 331549
61998 146179 30686
28981 317136 304559
203873 20300 313369
228919 72685 144772
248574 143570 119023
114789 144621 221036
57282 44188 159739
147871 190250 292183
36931 301654 96085
166402 66352 201401
314846 6971 131726
142656 326876 136367
304939 242461 22214
186259 147624 65616
50973 25449 173811
41345 20786 65616
324409 324147 125362
2115 40774 207373
158856 122991 206405
81621 99106 193577
225090 40535 309301
205382 112715 81134
96096 70847 228776
20565 52994 305438
214967 10051 33826
163196 123601 306294
5625 210191 86501
295639 191855 282257
16507 247011 205658
188903 264817 365688
186659 299321 103208
69020 207589 109392
2664 150132 163946
117309 222847 18157
102750 198468 86484
105296 40919 10628
323198 285450 321216
260150 102869 43229
251722 224673 215685
128268 327064 285620
142314 151037 304568
210014 158145 292822
111591 190951 9434
243168 296868 30602
195771 195347 302222
64139 217138 176190
287666 299302 52159
170158 9459 319474
210021 91890 151698
284784 103491 110311
70107 308207 306095
4065 209410 138659
297791 9585 315986
208763 215350 233847
71173 17838 98412
197800 198941 45265
201088 122929 307227
256399 240920 319020
121213 122007 7605
88830 143215 165952
137739 275774 323628
68140 74069 246363
22302 163130 280910
327808 281109 15683
178337 222079 69224
308177 201172 158797
330690 27430 122296
11481 297176 8826
288244 113190 303804
6899 92059 81358
25068 89614 281949
119037 331745 328660
31142 98466 132189
46488 140522 67962
307594 287836 46541
213631 6166 158500
164321 54356 126177
233774 311051 48978
123348 279228 163309
218396 176600 26804
198844 244059 317539
190269 168003 244919
232209 18172 288849
229115 96141 257691
179803 209455 247518
20286 283711 284290
50605 230047 332626
232392 41558 267287
172125 116263 184168
255299 190599 244185
132002 201129 242894
55238 213785 302843
170577 7471 327992
193134 60851 191448
235043 174176 15967
223080 235786 10882
122490 278275 187246
61849 260453 69339
147357 186529 199993
226568 246050 118321
164008 68271 277138
197535 102761 22157
287665 321455 233507
224459 184631 170984
195864 214687 115490
250673 209967 228890
252043 199466 303721
253591 115955 19597
107548 127185 178062
204785 214715 178836
151313 173858 46415
247415 231268 49369
199614 285406 281391
99453 122641 54569
16917 32984 107047
297061 328538 70346
56913 278884 73022
144188 47755 267758
207746 268057 178226
268123 19664 545750
87436 290065 83465
247605 312772 214168
73876 68558 138445
304039 205587 55296
263776 325502 293250
150072 133789 260231
229244 178307 128400
141447 46331 264328
166657 227545 305702
329152 181011 54233
78579 12353 309703
120815 3689 312071
314403 279754 235410
67965 10080 223884
142266 226672 259323
129872 102270 14554
191558 275368 65146
193103 211125 222597
159536 253667 98580
72477 293852 136261
248537 179635 167777
264654 177793 65822
110987 23825 208890
309822 178553 262730
127877 64558 241333
250300 180784 106887
310487 141172 119464
181774 89194 273733
279113 178707 325339
196084 124988 125413
49386 13389 321722
133548 91682 309725
192579 20337 330867
51341 65664 188638
58387 94748 256754
67241 320912 245674
158855 101364 192774
256853 253394 37310
201207 184040 135686
64584 227825 263761
296296 19830 176202
176302 250969 206808
133016 240570 32085
246676 17146 94267
216344 232699 9648
182298 88105 24105
325938 204704 199173
257160 230086 213754
289966 228811 265036
8858 268286 93804
257919 317052 279459
67260 69513 10222
231552 91624 218786
145829 171803 513470
56532 321694 113964
144217 327404 27299
285789 290181 235313
25557 116108 324870
83009 253367 178353
127568 77691 309669
60337 181032 182970
272607 8117 325479
176179 228204 308666
298268 269486 77564
110659 315992 2766
126592 228281 76677
153575 157070 15700
46851 210761 121583
61095 205995 83615
15749 240116 48427
217590 6784 326920
106718 96894 258431
158933 65496 19406
29475 236515 144798
65087 91515 134334
108239 53359 129998
152003 184315 68381
13128 281805 94305
280545 226595 30473
281565 79131 10760
312575 39948 30075
287189 306536 16066
224381 687 9949
149216 94050 105183
98636 186202 242894
299388 191833 139541
213409 13452 263422
34951 210353 270701
73287 51242 246884
134596 163481 125295
247394 140568 26358
151074 190570 73961
249183 55267 286139
139832 210016 190052
46350 181907 267714
304849 220876 115353
278316 138016 170938
196510 69501 362338
146522 204694 264911
315053 4413 23191
71480 176074 17443
21279 888 29834
148912 180877 285089
6272 218207 126860
252538 201347 250645
104405 4412 14970
79444 239297 316683
154933 218001 4907
77967 257815 102784
251396 85265 43854
57703 45207 317901
207596 104806 120972
299182 310155 267648
300178 204652 221231
81545 242104 156773
284965 154789 241141
122910 46868 57053
107619 147066 58444
236567 311803 277646
41241 112976 285169
37185 86491 139455
243030 55702 260517
54232 127346 302661
186184 248145 147042
69185 260492 143698
291777 278458 31351
268291 144660 213227
144370 259787 244725
79782 150013 279524
21138 270678 302169
80647 209842 212362
110581 32576 306544
38307 192134 215679
150767 191086 251615
113085 244886 171567
12877 317812 278622
260831 144143 183613
254341 322793 131182
205115 309803 111065
60422 217156 69305
205795 317634 145805
281891 12016 319410
118137 36606 272352
166824 182056 2485
234163 57760 126817
78405 59110 244500
134307 64377 21615
115952 141238 265903
90310 287208 325813
170124 222956 9742
258081 272449 73238
139293 171070 293145
70686 215139 64226
297920 190473 105679
47430 253108 160256
69736 213886 302148
191904 224447 29638
80097 179487 306384
104502 159823 133825
40437 71973 12326
75440 327098 292226
161494 327334 135827
238742 117508 255168
100592 48934 64142
271662 159517 23199
184381 99369 248495
200606 325796 511638
23696 164915 304239
263856 239644 209621
305190 40866 100
119351 206042 298686
43032 22707 121376
262834 253165 177697
18033 166925 218280
53591 44927 261048
110356 285298 187118
41858 333299 41322
208063 147676 68819
183701 254541 147831
251413 229836 153339
32518 29459 226832
278248 266034 162674
311003 318627 263425
264849 116738 117293
56243 214192 63564
117661 272168 161966
280674 244990 211046
32198 56585 328968
285559 307045 57427
308745 180331 27405
253873 15872 193380
71778 38836 14128
310466 310037 17059
174791 267213 329695
231472 13795 72544
18747 59945 154888
281664 131942 104522
23681 234894 9647
65768 241860 282165
77106 305506 196192
5792 160625 288145
97275 201889 277184
301120 197888 274673
305337 113629 220316
305613 137829 8681
220865 87588 1389
265440 305999 44779
312732 149684 169316
100173 139538 156639
294653 194593 160893
326463 72010 108443
74057 332256 31691
239728 237289 285728
9616 103717 78399
49735 178541 307850
224716 142067 93855
143313 223564 134135
44564 102729 317212
178879 102799 35850
266134 2176 187124
31382 232208 46696
67500 315446 70633
61389 146503 105697
170887 178005 247926
212460 277288 18837
316535 110432 150236
221817 263249 280252
87823 161321 165659
89916 332082 324248
163595 233831 146947
98851 11706 47948
224014 119131 329021
116687 75763 289736
289949 303041 511820
155784 96511 228019
269888 298545 77684
330196 252147 98576
284018 325951 68454
109081 123664 212439
75647 203655 118754
111676 283382 28444
205150 9157 32296
276967 288750 54561
60019 147504 219316
306778 218280 165591
260178 289324 28493
102469 101726 276629
54212 54074 164118
332937 48499 149404
163162 163015 330931
78171 140199 54440
164889 129709 269266
257711 69629 161405
252894 183612 125316
285597 90312 35958
322044 53968 293934
173321 174268 102412
160006 126257 154579
315658 296987 58223
119126 125562 42114
170673 85972 71560
117904 302925 179942
104622 34812 184006
125951 76755 260316
39847 23981 287639
141326 167696 179483
133677 223403 29295
101979 309269 134661
283781 201017 153610
158749 325831 457677
231422 85584 307190
96929 224694 251673
114400 143160 169747
214352 278120 92313
257245 9457 211755
138467 275565 149533
162812 113462 40829
200633 247424 184388
58928 24297 93871
103082 311820 193039
296643 170396 153473
101630 90114 30854
80979 215507 247386
70060 161433 29843
244225 267882 267737
8107 258239 306364
36586 176094 64202
311761 9155 77361
285711 187910 195364
108384 200967 86522
42904 13447 111594
314749 93235 17732
140887 79124 256274
84959 99852 292084
324052 51573 4259
232412 148955 138868
55938 315078 116006
298756 105202 232364
111427 42784 249853
678 261945 311556
292280 259381 193598
27804 23600 72698
151705 246649 55992
132730 9583 283142
182375 303142 81742
316855 50892 225480
37329 152895 132629
219343 13912 80398
48451 87906 322633
247447 283310 109247
16508 326038 36172
198824 44769 254260
28823 203267 63576
226214 275236 124417
313329 304561 131665
49926 104979 513309
47583 38209 112596
216896 14889 221231
246938 233533 17918
308905 307358 28920
252870 221391 138349
101121 80366 284327
50681 308222 254417
20093 112068 82812
135138 111537 14453
210270 273618 119360
31451 49341 157003
