1000 220 4 4
71866 133411 210620
219483 68468 301456
174065 300530 723936
283590 255855 239448
229059 67682 819377
201530 10913 200152
194148 225446 26787
89328 258481 218913
232911 188462 79844
158833 198934 21652
180726 251262 238902
136233 224651 14742
17413 163056 790777
278653 137423 279339
197313 32646 163123
146813 297871 107915
159559 4588 269829
307823 181821 13417
71310 295607 62054
129949 246878 262782
126130 86630 305816
193123 82955 139122
288379 96827 99113
24062 217978 97098
141819 139116 135471
179151 242492 150195
137891 135998 324645
223734 230200 741247
181229 40806 37904
273490 74416 592750
218121 18098 838999
238103 225238 281799
16466 245449 248990
29965 155272 41790
134299 46241 817552
60431 215518 332847
116303 268650 310117
330102 187912 37206
46378 113804 27736
300756 50790 234041
20304 86824 301846
149824 218774 200344
241995 97124 333043
310939 310395 251500
255142 77605 419056
8665 211654 707994
208647 182818 72529
142362 234597 19516
329191 119046 417682
329196 278196 692183
323488 17192 90044
43416 309996 195905
63247 248794 230637
84510 164236 104204
170226 73701 676946
287934 211956 661432
162809 170307 174941
68142 269381 85451
86646 323884 27460
217708 73625 520667
261857 172193 279648
18461 279532 686492
9366 298110 319941
177320 228688 285254
321969 185457 553643
331676 321366 137322
137833 276585 214344
74454 113749 350273
192257 154921 271824
213817 153489 287109
186314 306802 765289
223890 217262 241155
214695 60550 275809
167680 168126 841887
326986 23509 233512
315377 296897 93121
99145 82770 156813
250703 296232 169006
52295 149560 328988
161077 110275 321649
28135 263164 157730
144550 332598 128687
137191 141564 130694
26246 262096 159121
14315 53618 489088
333207 252443 110998
128992 102798 56469
313245 119004 258620
21582 190672 240287
203318 112857 132022
26335 49107 288490
52635 137754 159888
272727 206683 246168
240895 281278 145314
284159 55897 254647
64894 145806 57721
93611 131795 146305
88464 290248 129844
299026 165539 671835
7398 136584 106698
51470 293585 182746
114214 270709 277732
201391 282497 118686
325997 77864 294015
121311 30233 56944
67850 154607 357563
158775 199482 55153
255596 70074 68116
165752 179945 817711
71461 313234 273244
124630 157275 148153
75274 294455 188389
135141 171164 191177
130829 230215 91519
281640 111162 180716
31879 218700 174772
177130 120675 379050
153434 61912 64434
99282 188129 6291
15527 309241 6052
94518 75123 131211
163555 106046 595767
156756 66237 386702
252348 220796 134701
197537 99079 53738
99912 19789 306531
240927 247956 285071
205839 191611 143986
127369 158804 826257
219061 194756 325747
251514 280340 279451
104807 264801 724025
241963 234260 67840
128682 298402 298469
165503 47804 365461
99522 305250 131197
202188 220763 245540
251221 133313 87033
33669 207863 741494
157625 2484 306480
182363 212221 39964
40725 115510 285555
174293 293795 69585
305885 8201 230633
9892 313307 321661
299360 111641 301708
292825 14169 127847
197448 321546 86298
77677 54143 288641
156671 249724 714454
160292 317824 278934
198187 4922 54875
69573 73311 777836
168150 200580 819515
277502 72428 210692
36060 101810 169916
4947 330441 250007
296060 21371 89878
262174 109645 155455
182528 37599 224390
327024 329147 224570
115472 153092 240729
22964 235167 55141
94108 287899 109241
136043 127249 38723
570 312413 295978
304100 312509 769843
172998 66574 158730
86048 119616 158386
130089 94037 82109
118490 235460 146437
5879 241325 253423
282572 9154 24988
9649 66111 233848
220132 60309 242183
112026 203833 260413
76401 279794 759182
38135 29531 61003
101882 277617 46558
10499 56960 28441
98460 246112 588401
207302 20553 430102
327922 141768 228429
197509 32128 175044
262315 202910 310090
146427 323701 268643
286824 268805 560173
218937 185931 219588
279227 302086 229885
211778 206098 273854
218653 128882 32758
141328 111091 188118
123351 312330 81228
118348 1294 315573
217175 320398 152078
87478 248322 296885
326466 12084 325332
199455 256216 268788
294590 249994 679405
325264 272169 220531
120735 283186 236821
51680 215992 12085
245940 231588 782208
281520 310746 13861
331734 275313 301283
73297 244976 154490
277552 146696 186720
186665 46948 48513
151143 14140 258310
202491 237489 138761
268974 301684 59562
27448 212615 100070
258271 72125 614841
122186 67119 142560
53638 26868 222364
243962 210638 150813
204534 60625 601329
182118 139246 49520
130145 262572 189461
212928 164860 140480
35615 221529 833353
217558 193268 487291
185645 327983 150766
132421 332889 190494
304558 113055 156993
229813 114179 272581
313235 192515 270784
26126 132220 143046
259862 309884 289593
80068 187296 171830
266487 279504 286273
208004 120787 32270
105873 248014 266972
173079 125864 164545
236786 33233 14397
218255 231462 215958
213528 120887 219245
315521 330303 284657
321030 87710 2386
185875 25362 67922
158986 143404 146118
261087 131749 295175
200558 282335 288181
268784 136209 173283
299164 209022 318473
291562 91893 11168
74212 37396 319500
257469 219552 301546
207709 113545 9420
126182 60886 28803
270071 59866 827909
170518 266276 486451
149056 230028 258963
225929 1802 415
167256 140885 77706
30769 291310 204133
287623 227118 329304
192287 153554 68335
84153 220245 323984
196256 99117 97478
153989 160326 649879
233906 215596 232612
210654 273349 103307
236972 248332 307955
239955 186045 220638
166566 121010 122960
199195 16074 277079
172961 88672 331254
327656 212044 154084
67485 73849 255321
98043 111862 31863
287301 240504 112864
225846 167044 251380
85683 72232 43933
245901 196395 169975
308373 203424 26133
319882 29761 76750
177297 327509 228860
86895 56623 294157
135006 158091 130057
28096 118559 209852
223724 29785 268622
281635 266538 701245
234306 204937 137784
251180 143131 256680
118952 216857 302237
327170 147811 231886
139864 331443 67072
152659 121222 816947
151120 192748 3908
233361 62763 50045
212369 272117 223546
96590 35171 653010
26071 30587 773316
314877 292158 260765
317269 132725 127310
245206 87542 714800
7592 268916 187885
323079 248861 16440
233834 305338 143103
114897 62109 108911
102705 274724 63308
254466 155542 828403
136279 240856 302755
213691 100898 198764
187150 163570 78436
233001 1599 753569
132358 225628 250851
44392 80556 60252
209667 182000 608104
330608 265965 775490
276167 4964 240786
40980 107042 496884
66366 120212 133346
206316 209737 249597
154845 235732 313651
280832 251969 268010
251734 316123 198278
232983 280542 121539
198050 251025 32263
67074 7281 191570
198922 131432 297533
171100 230849 219689
61002 241939 240449
181574 208030 467259
178886 45708 177787
155667 6019 62344
72413 291202 733755
78114 54394 14834
178919 243473 170792
266548 6723 291155
113131 13895 582371
100996 117463 100
236098 228643 150044
303344 191911 691448
311537 166908 31973
226483 321242 265875
75398 265713 278214
209482 168207 245033
104379 137467 201489
54525 36956 14766
247627 320712 187367
65429 311646 278432
43032 281625 155852
305402 203996 226
41464 47860 217404
6134 226585 773385
97657 8236 728478
49084 279815 78873
12737 25448 108061
151684 137634 315748
262051 187096 135881
135410 204688 250486
272618 121824 275730
33889 324314 31070
127401 47884 156001
167136 32380 216061
259965 286484 130761
61744 94432 45103
184165 223394 366147
94902 190141 306941
22256 86263 135927
66301 249665 92662
31113 211164 378737
34862 89900 47582
97642 47610 564956
176859 312082 425170
218930 56932 227443
167293 108543 243249
193273 182968 179537
125668 80964 144262
157478 218473 473368
314732 307744 223452
303775 157236 284685
160967 43732 108180
39903 286203 290026
105711 115836 220996
114051 78716 331557
66359 114202 61700
88021 300498 127463
273780 30726 655385
313600 225590 327466
274602 331814 128658
28000 233891 740156
160771 136511 256215
64590 258822 8529
116083 261676 201565
87813 322050 63691
217747 218348 59282
196806 25078 132557
117841 16948 191846
197996 86073 101798
70752 9865 292071
280950 265910 144791
149074 153047 168995
128667 280003 62436
118502 258817 800856
300416 325136 757596
320200 328790 247726
170424 72619 254140
301234 318377 23097
27255 212538 216699
89484 257726 343860
151194 169112 441746
120827 173654 280887
226967 306596 242598
12705 54473 169671
315145 120619 243730
199137 305323 697069
300006 130520 469177
127500 323012 551551
281207 172586 78260
13645 102600 630677
306484 149537 134749
28969 11369 51353
39421 51267 152625
231929 275248 657063
180849 66338 618386
274172 221287 321971
329860 202096 329518
203641 262837 242092
12465 65360 216506
301566 58441 309336
324220 81895 249852
185652 118267 719854
312156 236714 159929
110472 12911 230472
114453 21816 588651
54949 259631 298650
300811 64786 182343
192797 195441 291447
202030 275932 209545
100541 88329 194763
201691 33235 241284
97114 15570 299405
234669 119457 228785
297549 212642 116760
171206 191114 73706
259485 232210 158611
226459 160523 247988
245348 264008 583767
141575 236539 224355
56149 18113 284115
36742 89069 155158
213563 131552 215802
198287 84900 202404
209495 207737 193414
84631 83813 139887
289994 106407 151890
31422 246338 104197
111667 320400 214929
55393 226349 322423
204673 183855 194562
53490 157398 211720
112700 233701 16706
204680 149544 261404
72287 316469 82026
94536 100942 72482
207733 252645 64182
37418 195432 116857
122923 243236 261272
203543 195403 83600
249737 226818 729386
205971 156499 733695
252809 22481 37643
306025 169010 110841
24040 204465 333589
192195 77982 308397
40495 98175 166218
135564 125838 215979
56248 269647 317047
303170 84456 647593
232107 92510 317362
145770 77362 231133
236640 123242 1151
190914 216686 811073
302814 231305 4509
255608 54917 111646
23780 28570 263335
140370 266547 329823
321838 24774 21071
163333 170377 68538
231515 167927 527846
63609 180198 198613
72826 172306 237905
191344 232155 73106
322765 313328 34686
254374 218962 74270
123292 170848 73608
68220 282582 269538
78735 74326 26391
123667 235378 714475
81269 204491 315081
275469 177745 717255
35695 163440 95825
55621 280692 184147
7666 72499 161778
248251 299369 767903
281428 121608 275814
303179 261443 38318
313072 177399 85242
111582 104208 243616
43368 193397 37370
46062 261209 141075
90965 263622 160006
176555 86841 128907
253175 228023 49847
189475 299178 657533
179510 125219 182400
81819 225256 491332
136574 283086 124251
223549 329724 522783
190412 5220 118033
292001 222151 126313
317752 291420 76042
45894 266973 148093
316630 231932 211442
28340 22324 84637
222489 1103 217885
162276 81768 499622
65321 222185 256748
253090 200967 554160
284056 327979 42589
322228 106942 459651
181742 267983 643652
172590 179970 196682
104902 321676 629707
309726 149034 214357
65160 85439 152044
161671 85645 540088
65944 218348 55929
300424 28151 388545
262506 195162 326719
294101 153038 232258
128065 60087 303315
215822 270289 57893
205804 250783 152168
327565 115580 211755
33424 205023 134872
254539 37775 48808
123554 263375 18447
160905 180658 335872
332459 290856 305212
148006 38071 646317
182445 125199 422181
22222 325665 306875
92065 202450 81862
25866 208476 229742
89069 198624 173064
178680 7533 161416
28206 291129 45136
197496 181415 253376
96377 256525 28849
84930 63867 123612
9816 119539 270536
82623 123608 240823
202098 32000 793030
132193 251446 310103
88112 25185 112673
131538 201049 249587
147483 109054 699887
278105 188407 193186
248494 308624 486856
139639 153941 754687
314531 72535 60231
33423 8977 12562
192694 123693 233442
186445 134567 477106
255051 234478 248408
76055 41040 661196
105324 302043 302675
35121 278230 50811
223177 108127 214592
204515 208005 317850
295436 100856 765621
318753 142392 247452
42392 333249 159844
80423 107339 154077
31097 255435 72745
186875 268114 146191
254112 253182 154324
120407 316267 17924
176751 329060 213962
12486 120473 130436
323922 227981 24878
178351 60274 39176
197082 115455 670136
293285 29111 91131
198670 188143 815846
115781 304647 304835
257112 83141 224710
14436 83039 163217
217715 119599 661040
23632 51142 314232
243679 79679 709869
286206 40986 68972
53476 209924 53381
237211 87846 222055
86204 139625 28444
194844 54159 192345
61853 60347 325707
203084 76480 96015
267642 170529 18363
88908 134250 606604
165771 247844 126429
88299 89753 285613
311933 293215 206746
180149 172978 312321
179763 320942 40440
121351 248289 749491
255911 146676 540033
291400 79873 162299
320728 148825 240807
299778 255388 327600
47920 38659 141965
224230 304429 191233
61938 145030 703177
61274 247957 417991
177459 251587 587110
237209 145813 329032
51881 200307 201635
69832 103226 216304
299004 39893 58085
10318 111846 294403
286153 165438 46526
66595 262663 676262
122794 250356 71760
177614 166675 244303
291009 176777 227168
452 192075 279090
313639 145985 130577
99221 233209 320566
298687 206806 182195
67794 118086 718239
194982 261883 419497
214833 99191 98490
117352 231277 135753
104224 169983 249916
293919 40648 98628
35317 3650 111484
271261 261354 651301
106672 207950 685707
126753 103177 566044
208723 330350 220376
134957 26573 192250
179219 237532 605592
123256 223284 565311
290082 187969 185211
70033 237866 726404
298189 235810 443624
74265 284484 80532
238383 2714 325414
108461 297394 139654
94410 184254 113513
177809 137566 216329
308725 280801 819708
158111 100926 117997
296707 84752 175356
219350 37303 313277
130214 34657 162006
105257 239455 193158
242901 257399 18356
8522 84613 255746
306318 176025 308210
107908 234915 143529
57185 321672 85087
118567 93294 258754
224026 177847 247685
52082 201919 137445
122839 41625 250010
109761 279130 2752
262862 59567 64311
45256 304375 194950
306725 241599 5731
226529 150950 40812
319272 139644 53749
299837 171233 229466
207860 324103 32970
159771 30483 190579
224293 319845 43169
327993 44763 815117
234219 169078 36656
237263 272275 326456
60157 186907 138424
184951 151058 112855
71344 298783 41406
133407 313047 93269
24703 212998 766339
64329 237693 474715
266436 213479 252783
253151 23955 232891
273447 219800 192419
72121 272086 814258
67866 123338 232249
283850 201614 288007
20056 181814 251928
64300 264952 433384
73942 88541 191123
94221 106340 184617
65752 206446 198575
75899 10092 23319
151035 74926 306705
263849 154877 141941
195468 79733 321815
194464 36824 265613
45143 157185 108816
224543 154193 139243
315349 40302 155826
246540 314299 241662
159577 282147 77911
325606 33525 81618
170751 238986 688796
289000 32626 175954
193222 63735 65141
97485 170399 323010
171942 177868 8631
24658 189309 639043
104446 301098 42352
163936 283969 133215
135880 196007 250536
110693 171511 253841
147647 244027 210861
29642 288469 167224
66969 143711 202806
216870 147000 258422
181623 27343 70275
321128 45099 83963
110378 21496 289802
290244 221473 150069
272511 51663 281185
47351 212042 331783
306948 270628 17986
246027 137522 159261
311892 171070 224187
130327 310515 804055
330405 285687 753362
17778 6714 248783
225795 80439 80039
198929 268223 114825
160958 170855 249986
314842 131851 325858
162347 157414 122267
104138 257595 216578
245005 133768 244244
101299 128217 819893
309638 256304 597971
246019 318011 327603
91175 221378 788743
231035 177952 65490
283757 184303 238366
222266 9561 111990
266666 48801 31437
305515 272306 832124
121172 210576 227161
220903 74920 121755
80513 35455 298019
240278 143423 728939
155569 140722 150510
4338 63943 178393
163392 30906 30042
277269 241336 584582
209338 306414 66790
260159 294158 94679
310736 151127 615369
47017 17530 398125
243169 282360 128230
271985 189983 257812
168821 170303 74027
243265 150916 305943
196017 133201 109826
127437 228900 774659
234777 83471 429363
159406 5208 129299
284488 253431 190109
102630 156616 44453
42346 9608 3561
122833 14202 47178
178935 326402 225333
309706 90323 508879
153349 312617 149636
56706 122094 158067
246428 129225 101857
83699 12260 167791
15834 222255 268875
220817 504 7176
48055 26813 161215
138367 109342 21282
123295 59939 194290
252212 274572 58024
304437 300354 81061
297899 323971 199987
280979 162915 95927
158802 20670 72421
52387 147716 117357
42727 215523 233264
106078 298 53059
319121 249966 383031
71960 47524 15518
328140 150639 195847
244807 106697 314591
316168 260185 73891
232909 42543 325184
177885 179977 452252
47975 29724 156394
106177 242760 203922
285102 15332 38888
70428 266110 231569
274777 72133 8724
202847 299671 600505
74497 96122 307592
145709 122609 239425
236508 299934 9245
233798 21904 61604
42157 28470 97417
118596 313293 473067
281498 210973 320515
119274 165141 41461
235533 181153 844478
54089 279160 295171
274434 89015 283699
246645 219806 208084
122188 192796 200212
124710 225677 565085
15263 325502 629948
162094 323763 33057
111969 314845 234838
228078 89223 282317
101608 51983 143477
15284 285330 262728
143504 42185 170960
278053 30417 438849
29642 313936 242319
245814 166861 680055
318942 94943 555403
46925 174403 18420
187164 51228 270167
252183 322662 248180
193960 233565 295755
318820 100032 260454
163900 25284 100193
139807 111946 325909
167748 259165 552967
273302 36577 204193
199125 295300 217483
56559 185302 68635
25246 69390 148005
97399 83210 301289
177472 69606 628520
202504 283188 50088
4343 159889 1836
293398 174211 293018
332167 141415 668874
98877 314126 777573
28174 205958 50390
265930 85182 147119
251328 113937 317888
95409 93183 35242
55195 104091 18696
192571 233968 37779
160299 99813 435834
125753 268742 30502
250114 290927 160519
68674 217764 223621
309863 181029 211891
142825 300356 37707
39788 145825 184429
306084 190927 136430
193956 11429 58111
100917 180181 245711
128124 235732 202774
25772 129807 811277
156060 111473 262734
166269 204785 332574
12099 25220 313750
125608 187237 108130
298297 221391 16787
182206 113660 93361
77985 16343 291256
13277 274743 246791
316414 101340 212729
64183 326870 251879
245215 299118 222457
331593 165507 148143
275941 332301 270613
316087 57363 266962
9935 240416 348663
128531 71887 45853
270366 235123 108950
94754 236041 259584
150235 48379 801800
198507 156395 154947
230270 108855 39732
270648 51726 287041
294738 304561 732650
247292 260644 79085
172078 185958 233430
116847 193369 44565
270021 71181 111694
142338 123945 470072
324333 228080 192478
134922 197149 41519
296597 209019 176608
308472 64385 675218
299389 25993 72665
298159 68234 182844
46794 16865 51806
210127 6156 121740
319452 4739 603725
222638 207323 2632
172436 205271 201852
253531 302460 531180
75973 134685 330541
20728 54919 811309
207373 23452 144111
164287 263701 330790
210209 277743 70510
31034 115461 167944
231702 35223 44322
200580 65338 44589
271738 292284 308362
280190 325553 319256
225244 272123 22415
33057 94630 261763
127681 229167 78596
302117 326139 88673
14471 7955 118430
142002 132815 159188
95665 236010 204904
305906 169466 340425
249201 131676 272223
10107 281696 119101
19465 33187 18588
36445 200125 845373
220625 189778 94447
331509 267938 100634
146655 65396 245552
272253 22863 580822
131035 330881 170596
2839 68244 51338
176240 292350 213278
292673 154559 314790
16870 255894 50092
311913 308530 280935
171576 76390 837660
268473 239486 55011
139102 283196 457657
4418 194138 309056
8154 227148 11738
256320 211828 117026
325674 326804 5018
6484 106171 270388
191231 13587 67138
257690 154016 800397
88401 145746 282203
163628 46876 245654
284528 279930 785607
188831 77152 796133
193633 84247 75486
318231 131267 156863
145710 201994 51790
205943 4290 35899
262750 145306 842189
171745 94012 252548
98367 109658 96234
214847 48996 142093
124362 297206 265527
311214 270017 223858
32239 228072 31030
152147 205510 84372
255449 185081 262755
39035 208509 67526
245363 301351 109593
227758 38668 25410
73538 232964 69694
142706 73029 242965
191657 89966 266165
273417 25966 251782
175055 194928 45583
51890 296891 270835
83067 166615 821939
236230 148769 161725
268752 85671 264659
200521 161688 310469
190879 327168 46459
164090 225334 186080
108385 322129 138858
156152 28054 334037
5814 32703 254839
279492 259976 823201
306096 275483 285060
36690 31225 133459
310231 251447 235096
15802 136424 615031
110612 20956 225440
164147 144393 199633
293950 124097 294008
153831 303385 708652
159416 182132 184579
79357 2175 528691
325099 322639 295541
