1000 220 22 3
216008 145691 665285
62851 32469 139399
53202 152942 117836
119620 40744 48623
149990 167746 100631
235772 111486 10389
317282 102664 235351
307532 257632 178363
149789 234748 54111
98824 24773 143513
164419 298904 503702
102605 194602 117096
208942 97292 223154
152461 136867 55479
256383 119570 667909
119232 74164 107869
41706 295572 114324
29363 295790 547052
302571 229768 131492
172688 283702 195582
9511 232735 96447
193689 5157 649876
131129 170658 674453
280733 134979 128917
21113 215023 254326
286997 323028 239017
25512 62458 204284
168181 175764 42500
331932 74420 569318
332568 303453 79724
67130 174183 171407
77884 296522 118057
20798 242449 22271
284939 190520 176119
191107 212413 132491
115453 185232 55973
267812 128543 160731
672 83937 183498
309257 304634 88126
115970 17623 132376
246128 279050 654991
16959 98707 282569
127006 321536 59915
23475 256992 210872
58483 310863 131955
277690 94628 313446
70647 300409 77046
227499 16854 278750
269187 124869 98745
45311 76948 40223
32028 53104 28414
60855 85902 10858
73381 129373 520569
211729 1747 51152
331407 312081 416019
272838 332509 103080
171336 131278 113164
328115 291475 135593
268277 221530 198523
71979 203792 574059
191872 121086 340608
321631 98666 156698
3886 67834 293424
326876 207999 732122
46950 22528 293749
221292 137019 271380
87703 215543 89448
185439 53454 465850
185778 151791 19476
108244 53313 321211
211588 281231 586154
248048 180023 327057
257018 115576 246022
323759 81989 158713
208349 68412 257976
2330 161398 99516
267570 107914 31439
255997 242726 205970
109878 274106 521834
286445 65057 710467
317268 218021 236279
321059 80755 198022
181108 46015 5327
30379 102350 246154
124063 219356 28229
6845 195708 120888
301043 272040 233220
88863 81693 630147
139979 20799 278938
217193 216887 195814
271260 242455 112145
124509 36555 281796
69795 259332 36445
315252 298290 304372
45537 122081 201422
327110 184415 101103
271356 13423 45434
195599 186699 225926
320129 288623 314584
148921 23549 275974
76406 177961 50582
330070 129191 218548
147336 249727 126074
120760 12335 82467
187834 29207 63075
188879 74399 212367
82957 141480 131376
30895 56087 505956
217177 146392 163041
197336 271149 86607
7182 277515 247757
64447 184141 11582
272104 214253 10887
33875 15761 266828
174082 168747 283902
36778 190973 296543
7448 176149 329927
307694 116623 450505
137931 128884 52600
164362 294028 97880
188304 168799 248019
229526 71255 210580
60862 37069 297331
275468 137208 124478
138363 44684 114927
119463 311333 224518
52022 138487 125551
20302 228538 264093
97641 276336 213963
193951 51217 111846
321282 324574 536930
226686 49153 551187
139490 255437 67317
133191 175950 124695
330577 320247 51234
129615 88884 253913
175216 6413 317420
86905 46092 441316
5244 123721 279255
18744 3940 218767
138005 290370 148227
284858 291763 244544
101780 201993 104453
168114 31660 174199
29387 228627 113394
129517 155157 58988
214816 124188 506393
80306 111077 412756
220860 323951 158872
213901 25376 741786
185724 11327 270408
159920 244464 97605
178247 139059 60283
246405 37034 161131
37204 310950 2627
140943 199104 219297
91988 264771 327545
153045 66914 258601
208070 305831 212256
179393 76242 65552
67198 126962 290162
29214 144986 311898
280217 75212 278624
216030 205521 709543
234741 34245 37789
268617 228490 208776
66181 61854 274754
288690 111930 271243
57294 309115 45457
209215 75853 180271
108616 106367 288987
85945 60721 263014
11674 290254 215401
290337 306338 110297
210730 249724 344581
3205 177825 38113
323402 261750 423736
101059 10636 616353
205583 233934 165031
102268 96424 178907
257505 160068 178783
245866 245408 223913
318147 62011 297484
119260 257526 234974
186510 59955 122837
122971 328284 274305
242563 111324 52635
259275 94021 195024
98901 92237 250486
192912 297224 102531
108851 273421 234173
73237 92213 571699
55354 161088 169521
88138 260488 173351
329453 124866 129078
176794 205802 439400
218405 221170 126645
205530 330071 208226
145463 185627 130686
264063 95097 137849
153394 290863 316759
101942 161693 89968
132579 306878 323827
111044 270868 22575
14767 179630 756010
269761 188006 271194
168767 331452 92810
44150 147107 309296
63001 263866 57131
135470 232700 435168
258306 313219 272932
178992 62961 281600
21210 217898 388979
234800 299250 296513
31441 135657 277808
64315 6957 5340
93747 299828 280804
182285 1817 264043
131153 2559 33474
305200 283822 539327
9510 167244 596666
283784 316342 328384
308795 218810 307657
247113 167824 86695
260534 227475 166810
41690 130830 308344
229427 27309 194231
28786 102526 204294
255003 306949 133195
44380 222784 301405
275209 286194 68573
158137 96289 110884
321263 254064 353946
294429 133539 202008
35455 26897 130327
24306 224383 595958
305186 18334 12027
271519 116725 85181
193532 202182 269405
19701 281385 34694
155147 41557 55988
215964 230236 254862
225999 235783 702763
176398 28204 545930
238643 195594 558111
301381 128420 349050
130835 270679 109383
17610 153037 153684
303599 310686 114805
48858 296181 207939
271568 71040 133256
161267 234642 271900
22994 98988 92992
286495 103268 179571
73268 105128 191940
99843 289878 80784
39546 269331 44332
327255 22386 308688
265354 91235 267931
312319 43035 112084
324119 94807 146855
43071 87177 66346
37953 41082 101444
83894 214649 73981
121444 239431 113345
327228 65050 149927
274234 240972 208969
317376 58367 126319
274437 226680 319995
62224 76033 421927
206922 319254 97238
308476 78096 112712
205327 105582 23638
272967 158920 167011
262097 24061 25722
264927 5088 457199
27979 41519 220805
117848 85600 1392
49050 256905 513299
202097 59241 96171
182632 168837 263880
231226 116540 167719
239204 65796 297691
63480 284447 17422
266029 200432 77774
225519 73971 273080
283849 285455 159253
145002 222810 63023
213702 62118 201840
262567 90999 225262
233984 296067 502670
120434 236226 179528
68729 95317 45655
207946 267731 120719
8554 129446 150876
185357 263678 100
181491 41543 124107
111962 321002 459545
73681 223061 327995
158242 254271 703617
116532 158555 68926
65504 318743 285048
126490 75063 26290
81443 56437 248234
311841 277603 289414
155233 295078 574794
13892 313649 86693
3159 61879 284480
290551 97916 213395
141230 216180 82519
94222 313819 206850
2135 37236 232209
8379 133022 640272
229606 2636 661490
294170 207042 280042
272490 207766 205512
135526 175679 239314
293181 291801 17453
174353 111796 489910
278 80692 260710
235264 327582 272878
159831 76463 5847
22862 163285 58605
260961 291650 205377
320001 206893 191606
206945 243155 220554
52440 273894 589899
215322 11994 152463
323531 273860 92378
236670 115795 559003
319465 242935 308963
138592 323427 35957
25824 105036 98622
7109 249783 104353
80931 118449 55537
15610 108007 331711
129780 315370 88003
132657 194400 324728
88205 270451 565213
117971 17637 658192
332620 131500 284346
49686 306762 545027
311519 18481 8922
191911 251203 134589
333141 230811 17329
106413 4686 157747
248536 132202 116530
123050 67210 727516
34049 49872 96352
14021 206274 18801
104324 282710 5097
314166 161455 423482
167365 51812 288394
92357 24791 26575
309349 212244 35830
297608 173905 177821
145030 232358 19232
318261 229664 277025
303118 181326 9689
252273 133148 36451
161874 180462 210086
165586 133185 329
330678 288341 37853
217919 249330 121344
97876 9664 123742
97046 246923 427540
33828 79008 366443
8518 168416 719984
57242 194243 317006
18895 208258 280897
232957 4859 102017
39740 306923 73531
239519 118047 126431
207089 215273 614985
208053 253412 317906
271054 193629 184041
47075 272472 594145
321587 37297 619216
229447 285824 56823
52937 104314 706038
194126 23931 98524
301993 99580 15316
100376 87474 173637
330358 192400 363173
260749 42273 20861
156065 219015 127185
301484 24630 113651
26766 30273 151708
149879 97196 74624
265507 157106 52238
238031 178307 9701
39288 235191 135025
117738 143627 311468
180053 252991 216999
282016 254463 218820
319220 40745 617388
249236 282192 209621
251478 279758 278647
85660 19785 68321
244173 184080 66836
129874 128260 272346
149489 253533 222922
162514 24601 100854
229014 206164 651982
233508 294077 636268
308057 323900 322160
98531 329015 250302
129027 73205 283452
188760 286118 200839
149354 182220 330261
327504 47195 237584
211289 306998 233983
138919 266906 247381
34330 43345 240994
284656 238475 735528
291713 148820 41762
119052 98443 318317
252132 230697 18927
91935 192907 605932
113957 119995 337867
193833 222191 195448
145982 48165 114302
60880 61786 39631
203407 172436 340640
30260 249889 15478
147252 112361 64233
115302 259662 273809
321343 61110 195596
134170 32974 271286
215667 327376 456145
109388 231001 28260
148242 29332 153818
143797 249069 45661
92447 207989 239720
200715 50 254026
76147 169136 216484
262495 263736 273617
62229 57239 232150
91219 49836 539608
24038 222667 163807
103700 101665 332157
235853 307138 56322
201421 21720 230162
197045 244674 172635
132134 170301 180897
250540 19886 195816
205832 102814 215047
256513 23225 326186
217367 129884 144536
116430 281719 497455
298526 198035 544861
127524 27687 13502
31784 320484 259848
99783 82688 191396
140375 274792 1168
36847 271591 14986
215228 62039 308801
61654 287591 36394
6320 95564 10129
154545 154106 309575
249422 131696 121119
142093 278469 180153
55577 124607 230830
139265 189954 50583
152616 3562 282235
196208 178037 255636
150623 49814 291222
130390 25480 180101
75419 119600 291800
142413 306357 272923
242249 294449 327641
317536 13362 3773
270250 41917 409498
213388 197815 321283
313813 289575 258430
69384 193878 155971
153543 128000 153867
102112 225510 197847
162518 291235 217009
227400 38136 209131
84377 297558 64878
276447 329816 152112
289399 38373 235719
272931 243079 329285
170696 282797 50768
77539 266502 726146
245627 258437 20797
99681 83417 195622
291995 102670 331703
253846 200829 364361
305805 207095 224987
186699 19283 320855
170431 278672 121783
82682 303567 270257
205775 212171 551222
102011 303311 564618
45666 249791 234724
133077 21287 176096
250194 173460 31976
99400 262019 496
250136 197 322569
162723 271910 126438
331369 41084 266178
233188 167550 263858
200946 107463 98798
261179 185718 312620
124933 90322 120777
216938 263044 78603
314874 149993 255917
67940 300345 200499
329990 68218 270500
283892 164060 719508
256647 57424 53638
293533 56043 117296
330717 123351 165967
32670 302603 761422
70754 269870 592393
289772 203009 222612
175328 175708 319222
257488 228973 246493
44384 22213 156281
314934 99893 167451
317553 296919 109941
105649 96036 192457
173636 74073 85117
34047 186738 151831
280857 253102 244126
201144 229729 75209
221514 288466 4634
201449 319124 306759
270016 166811 417769
9017 274727 227078
329449 55800 117098
9375 143949 158095
198560 125651 288653
330671 81851 157034
64575 206904 197960
58967 150510 322694
241026 172660 304979
87348 146420 50796
80645 260446 151227
179853 234769 263266
57916 84345 163795
148023 324616 4832
169078 43080 667804
41669 188081 235540
109510 159797 211763
163213 153438 166796
2025 74858 507962
147305 323572 657316
21159 12042 189865
100881 279358 228061
120507 317774 606416
275256 144126 310774
153617 27417 637745
228893 111537 74629
9096 271670 221695
123936 247518 11231
199884 46211 203761
77352 195609 125930
232187 28831 691300
332792 27264 148056
233235 145681 87074
60229 186442 465291
249273 52310 182776
113296 99908 186486
108886 98944 254760
122497 82518 373642
262123 164612 251822
326660 66676 466089
220648 98875 259225
241424 170534 221505
185476 279405 241080
82287 67572 202409
198528 19747 241175
99843 66434 293228
47496 77469 438071
288339 135130 661941
49262 219901 229787
234458 21994 521340
18262 244657 251339
12368 296154 525244
187867 206142 23912
117777 252737 61719
259361 1163 42329
134458 314168 291837
50051 176982 229961
107721 232512 284077
110930 256927 466407
259210 275833 234344
117856 234090 215836
131915 10737 209075
10613 15602 72916
308821 11926 168146
154633 139571 306426
198330 183668 316972
324079 110428 97455
300934 44936 100735
331627 62100 140293
128648 227108 149264
147179 43432 193578
239398 309308 763524
227113 267069 40573
233111 179302 92507
176356 51890 212751
330123 225269 241373
238095 115943 219489
194624 196539 324231
127051 318316 246462
237042 160966 235090
267868 79952 148935
219263 137335 235966
240747 247687 280067
27653 190965 245831
55407 255821 647691
200596 8949 39431
183452 15857 534548
50044 281852 42547
42842 146863 149076
160183 180769 9368
289870 2247 471469
216930 125793 8023
314949 121456 120457
57126 255707 42019
280111 257830 156118
316272 281614 206416
172764 317413 31458
310804 318534 331883
236361 184282 290236
130315 8255 27915
25858 6705 687580
153933 151907 691991
314069 171266 658091
178885 211937 166356
273731 194561 18602
166602 125941 203854
244997 144055 614898
152879 155804 220051
43673 291671 94037
143985 174097 159294
12575 23808 154345
2241 112418 97904
182445 169198 240563
204283 93798 330065
128835 328000 228723
105510 188685 291372
241873 109850 71277
102600 47820 546465
328697 25991 86230
247539 65957 227319
84596 88576 44864
222518 125203 229342
94642 183501 710410
58746 24550 293217
58877 319822 226943
39086 260098 11060
28197 39861 105197
86163 121540 81882
156814 157482 658314
129927 329532 178085
259930 68666 273748
89276 84581 322376
266799 277961 277790
20926 44695 541713
88557 284000 607621
195822 1528 292272
57010 298953 359083
102196 222872 500003
173551 25973 138596
317168 27265 120914
21204 142830 86326
90265 7274 620398
133796 281685 697388
312153 45401 191024
299659 87261 184412
91609 138731 213774
245492 71417 153822
227738 225775 446200
241632 121279 490163
218752 259445 318383
98041 129775 304701
221914 332293 293540
188251 32548 283125
288601 219041 46078
287884 290471 272135
217817 262011 392536
295641 155366 12329
208965 82529 52215
47512 134354 302462
176504 75423 392044
50613 89727 266280
51675 174364 228964
247114 235581 55687
118532 264607 549346
179572 217761 727181
283350 144329 73961
295459 261444 272674
81886 124602 87437
112828 86581 66012
312678 136525 100410
44734 242232 211430
296345 17636 116036
107662 138862 215073
54953 174511 455657
149426 149045 194485
136835 300480 239713
331976 58932 486697
124491 159615 548935
67978 66127 701164
152103 277228 674121
18342 186066 21835
145071 186664 703508
188459 248207 325063
159343 203604 307896
226687 45793 259488
285891 64123 323928
86057 162382 45829
9058 246465 294291
22579 87135 548709
8880 70219 49331
143506 69199 188143
320030 285180 434554
170369 269955 599741
91717 60060 740049
97684 95969 189183
161318 16910 244969
254608 326440 279692
17595 228220 213696
178807 128112 179278
216072 315897 309029
60551 290540 195670
212806 130902 62683
38141 279899 165135
21477 259524 190710
228726 245019 130533
254237 185683 88328
139008 216391 550543
175042 9575 219600
322317 168485 5031
320533 267113 301495
177879 72822 18519
112963 216931 255251
12466 100513 209981
245554 77694 197779
163421 210730 166746
122142 325329 283734
246859 307719 236737
292827 89860 268246
60668 232159 251840
96191 87621 78842
198686 80259 127031
289949 120268 39016
131097 250495 37502
210296 55121 119642
289174 258264 735580
2059 284970 62899
155827 251583 79736
314876 312855 232534
137495 155096 513745
100677 91907 184551
293612 30479 38082
90933 143487 22024
288010 224548 49896
232299 305408 216495
189912 128195 124764
321348 205584 286877
101785 329267 115687
74915 332473 127864
268688 67343 116445
59195 321543 600278
330355 70559 81034
87244 280898 501661
229517 92324 204494
89142 303328 22456
53814 206185 140610
188952 247489 47860
287054 62642 280624
246862 2625 122645
221322 241392 184485
206140 183010 249694
255714 324629 329243
141767 77966 263118
252311 146821 36428
315015 311669 66524
49994 141438 136541
326660 185445 287148
330663 8549 300129
214530 240049 189593
292760 328697 323075
176651 125493 78989
75287 250902 308900
277229 210387 24487
38039 82164 55704
53664 236976 200014
12812 119205 138231
115279 151588 30149
266723 270169 39155
103891 93584 277542
318249 5160 1705
110341 209227 321397
72446 247070 248198
293116 117963 245711
311839 236096 115877
184233 101822 190496
56356 138616 523025
178406 261157 146873
259586 37364 45162
67738 88441 145313
314501 237068 89404
18016 137818 62511
66708 171831 326397
310152 265850 245424
179592 273304 22895
224573 190042 100110
35716 194993 202863
300876 46386 226866
215219 49081 253524
298504 74283 51119
250229 4549 167053
217184 80475 711527
266995 51257 654622
152229 277357 302767
220048 99655 114501
37184 49076 144817
285497 32005 38325
155473 135972 466807
13105 123092 107774
50702 222947 367049
39110 319058 195752
208383 271540 133982
198647 272818 93576
39764 73143 582693
43412 74154 100617
51004 214361 29900
101672 175980 153490
34926 20940 292753
249426 200232 440875
101627 272384 225546
261893 288860 164756
3364 20042 15982
61964 115954 268501
158327 123726 319671
271892 115891 141030
296613 312364 242175
41672 76049 278032
7886 81233 90905
109696 221799 354248
209897 115895 118807
120152 28499 17434
212147 113879 567725
194705 171052 264814
282690 59929 177993
147870 321055 208392
292987 100295 290774
222863 315735 170404
258026 182374 308601
127552 43778 325165
82073 219881 108206
249787 85539 32585
43910 67802 175278
96114 108523 423174
40085 314647 200309
244685 159163 105961
182812 138330 762659
50306 324048 279668
70960 18858 626885
224529 236338 619827
313010 141491 479652
78081 245789 299587
215226 198906 30946
65147 194518 262100
192535 130203 581715
27591 208292 56260
144286 72558 263742
6928 274414 141558
28589 130816 145243
125009 159128 227874
273035 183629 85612
260401 274981 617975
164537 251074 205515
283870 6596 123056
139796 183996 270366
118983 275855 235436
127991 58789 316276
115068 193135 262873
227655 33373 44581
226138 112180 149533
275230 282857 138931
50241 160091 27315
191072 134646 23120
249282 164653 216416
302238 274361 132706
114178 129082 175010
280 95914 198182
104546 134739 47061
215070 286831 83356
49502 225712 66598
268256 161043 193117
278775 255833 322666
76045 199678 147544
68000 164704 598401
287216 229736 4517
257950 172208 88971
328672 149922 762087
82658 8560 572459
167762 85433 329240
307316 275241 53591
282243 54256 125047
190097 73085 333894
69294 145275 4332
246949 146980 69287
125106 16629 22260
184642 137871 30673
331227 213018 737142
81845 9027 265548
67123 35060 132842
11275 238313 619865
317699 3954 224350
47334 179974 73031
22973 228015 517725
54086 73065 118031
301119 21814 522973
8979 59891 148223
279261 39891 162025
180928 88648 739840
194846 204044 104254
189623 22519 11673
202853 285137 128377
231132 214619 91865
189616 242843 229702
168046 111163 674922
261956 313122 407823
115672 88034 377861
102901 14258 86275
33256 310885 57042
51989 162807 117141
274548 160884 88814
312734 20994 622710
171204 59757 729320
196725 317665 252615
208821 265340 279722
245380 303997 178417
127427 43066 226379
272815 41888 134081
250100 143040 273287
299077 37970 273008
263495 265061 118017
297864 304284 322593
113395 160325 267880
96627 118141 231724
91981 96582 230440
273178 286815 281747
54008 145367 275356
245204 108746 29832
18833 131070 135986
144850 124010 214157
316585 257466 274933
75365 43570 123933
19663 161478 45215
98862 132606 36164
163396 264930 187725
315794 106531 245085
291610 327477 301768
292225 28150 54169
189148 118566 179430
180069 211980 59419
264222 283210 63988
131728 327351 162788
21516 219092 28578
130415 84103 173736
306342 309831 137093
98717 55180 165665
251942 255932 271151
164358 241422 259120
243221 231138 62168
85898 165355 107990
154922 144502 100449
114513 127579 613853
221390 183391 179095
200734 319915 127042
118783 257376 161643
229594 318151 238497
232017 138328 194843
197544 131727 749601
141815 95988 95131
199357 235752 99163
124873 175737 264811
52960 13227 6787
173115 39988 167806
176974 246858 192499
246509 156673 2870
127940 150547 510743
219674 4946 143393
139413 323278 91965
251947 201538 30926
192980 330613 109135
39658 179124 556341
239616 88683 207997
283003 205888 170081
13311 99352 199293
