1000 34 11 7
187485 271645 239103
31931 326279 83191
209205 260860 183243
78574 316230 270878
9688 264680 10855
249142 252361 90887
136256 100400 281366
160520 303115 287758
289995 231161 257189
88832 13808 257901
112544 150721 311809
308578 111019 318069
115764 310403 257831
272862 89248 27066
236395 183176 26848
72025 125959 255575
114547 151725 241707
58731 60126 276176
265200 124226 162276
42733 120839 268967
157283 162255 173399
169153 117605 36314
262235 232244 273128
249194 119452 301132
54977 35220 87057
299375 189940 25592
141648 219879 335273
34291 270290 92838
290462 170141 233646
24427 33841 81238
209106 311291 308576
286442 151972 179116
41787 315025 166216
232384 201193 85899
167552 286173 329990
108892 327644 306444
136396 193222 329387
35622 77539 5817
279569 272524 52366
246458 42763 162908
261932 156009 214637
15276 86784 166031
283049 108538 289722
263545 164359 196514
63968 70669 111091
68987 178884 455
33281 203860 278547
157651 149927 93373
97596 70633 34369
222275 163242 103964
126701 138234 234388
40022 3507 40863
63650 248086 90597
320808 103554 265826
210918 99845 297875
48215 294392 231571
147512 27690 243722
18272 145861 321998
6894 134835 182997
327603 316790 336092
100474 50666 106595
276936 312523 300079
132267 52273 13392
288662 100786 46820
148478 53710 17334
209466 17364 259884
104037 194368 111796
209056 306645 195391
254857 192136 198775
275604 206456 5729
83317 87426 125333
305366 298927 138515
190058 104237 186332
68145 1371 179417
73788 112472 107641
96641 315212 44142
10893 162164 177588
313671 112370 33189
274879 226222 55303
261218 29198 90017
263382 95158 35734
131958 217835 89003
35532 315098 126976
204550 168837 286522
8040 170101 318507
90707 139874 183794
167205 319351 213112
293455 56479 44377
170900 164798 103112
322909 134794 38330
58600 291411 172367
311398 310476 50637
298366 299297 278762
238590 306589 157425
232880 218074 48313
27225 100710 276853
191643 70697 113032
178785 63822 51338
121010 82463 200005
29411 168556 167157
276050 134851 272483
206029 287651 318984
123014 150905 224729
279032 76400 233547
76875 7581 187401
235646 110885 239224
81056 183384 17496
176120 10032 91108
241028 109372 130178
225076 239416 186791
199439 27070 130883
204790 67150 238380
118033 118304 330189
73239 73146 326464
287068 254347 148118
194118 23544 11090
213746 197520 10579
189319 277134 209384
275254 160278 40966
152883 89069 292154
126428 199800 680489
88854 54547 324373
166772 68184 296674
318404 177544 112550
256741 51797 183600
216898 101614 250268
158168 193951 307426
160265 194826 47295
152930 262882 63388
12469 321854 99653
121173 257265 154083
241849 37276 281848
257989 105450 167294
171255 317974 236285
167016 290454 193805
328309 12249 142045
140884 158444 277677
156094 247853 181785
213832 330014 150597
21021 283659 262793
321569 135481 102345
53675 265585 232780
120403 104957 226094
207350 58977 81100
295863 313252 152361
267537 102098 119652
39437 269334 176092
167920 310592 149958
71572 54362 213214
252918 269277 260831
150015 99102 58130
88362 14828 195299
297579 287916 21949
14747 183280 249920
35436 46437 315391
19427 54721 152911
210754 306112 85599
311513 64169 207469
92433 54841 13119
176813 272063 212486
233129 3680 102725
252262 238171 85247
308504 256883 253299
21366 7058 287864
281519 319308 81028
14277 280864 137610
125538 130104 194929
147876 165592 419889
270634 25800 332440
192028 87105 14727
246321 298784 41273
238758 99995 96152
245940 82598 268561
42812 199905 231196
135533 266381 220819
32783 174301 318897
163115 167861 65502
40453 27730 286721
322978 261394 63435
303873 118607 168871
6338 105036 167893
288836 182159 273159
83512 28165 330228
194250 58301 35789
154090 265557 479841
182317 279614 6172
182912 75763 86290
248859 199300 325737
64068 231914 162165
288039 117534 105436
23396 144666 17557
204443 142154 292118
109289 326970 229309
94166 317450 273508
147703 243288 327652
253218 319380 39779
99423 78835 275435
273649 30589 175557
318330 130198 322399
140919 288616 151082
63732 50932 31157
319468 202201 127549
136770 207388 220232
71905 259646 136193
6215 252428 226395
250905 331119 57736
72515 270964 315791
292832 234279 130097
126137 163627 51604
323789 4918 187135
122621 46886 262853
46667 217836 278524
230157 10795 330958
155410 208630 62908
9990 38701 178440
310137 112977 15253
43611 318864 241217
210281 54416 240968
98257 88707 301180
204200 212510 292264
240840 157553 105021
139916 278061 286714
309348 114266 135382
24545 199501 447951
118977 329835 218869
66564 31840 326930
147034 100387 85078
231964 264587 279541
246190 102182 171785
306532 308486 280679
19909 116808 101874
66950 11084 177912
37756 315546 296822
186582 198269 184168
266830 42705 309839
286187 38249 165728
49576 115066 74160
243352 206683 262445
66290 198217 30930
246648 181060 51796
144096 183961 70170
218122 215684 283872
109621 125441 63829
280334 103971 168158
175284 51023 297592
32128 205480 132949
45963 17984 122923
323087 122307 161168
38341 159254 109930
129584 202259 100240
159524 123806 260041
220484 204837 31459
310963 250216 316737
258794 130499 63089
290457 271232 8178
58562 206017 256855
301307 47577 39197
107918 223411 270659
186214 171083 45647
232212 302189 329624
286618 134314 56165
302132 229999 323569
134473 277434 243556
28995 50723 328851
23577 52343 212714
210097 106534 157363
66391 112410 188536
295362 58882 87947
83640 167740 133030
44022 190462 565835
322744 261580 195314
144493 28767 82821
45157 312955 298560
222625 256236 115505
47821 203101 116570
166727 180503 28016
133685 169980 218554
286972 321129 243593
147554 310710 220735
86923 35615 11521
208997 230915 265171
226447 98725 198701
310100 318243 278472
185495 71386 252992
100722 304920 260560
123605 220188 298232
85594 130518 266112
184240 33335 206251
202355 240813 66705
226521 154332 68946
11365 36735 95983
278711 1252 151373
141671 181591 251370
57193 140940 171311
299113 125029 58964
322862 311940 180668
25538 306167 6919
163284 285354 109139
70321 49302 80109
145137 46242 7845
69386 52290 163101
115521 286891 275697
141782 78747 272751
84210 231939 60760
8057 155217 113589
276728 70801 545201
237157 224194 177378
27832 158690 211343
116456 188489 67632
145457 174096 683697
49767 107316 171578
121514 153575 147595
168960 76484 162421
323107 155521 198182
11420 268765 70137
80450 255682 150242
167413 330373 259840
142439 107903 270166
274416 49575 40394
285819 274484 249409
303659 122981 293384
94006 16966 103981
257738 98198 281768
128949 268560 61155
232996 44477 78542
81216 157292 296103
227124 197373 276150
122150 125663 179111
113674 181777 228458
163757 285461 259585
65385 53734 197811
141532 250609 314568
294460 166502 509811
198055 185352 40471
283156 279775 211460
241918 87816 285550
225120 107375 185308
13210 144134 237161
95048 135956 114897
241586 216650 92456
60228 223818 172437
67336 326333 304405
137167 75008 271536
19507 328641 80978
149272 197227 46885
322050 234347 181576
103954 253263 1495
37269 286 64222
243671 168663 196772
306861 191673 190671
156858 103882 277859
150715 217759 296890
67888 272077 185743
218248 61012 314035
14280 2525 299859
239423 177508 243603
243000 299409 66207
211596 236981 252655
115652 279839 148010
115784 57123 198494
89761 168466 200938
311646 36847 181831
170610 274627 198608
104726 41660 51741
311663 291838 75067
81329 151589 275108
86255 210406 28129
27108 147123 201220
307740 63654 304737
170208 129783 220969
330611 8497 65406
130263 195364 239530
14299 169817 50550
100378 204595 198321
96796 259098 74471
102231 326261 28652
262378 271812 291660
332081 147871 190768
95321 160385 169526
69335 23220 144127
296649 295959 239817
248097 162059 403699
197674 128506 250043
300458 69517 3115
313215 310950 42985
321455 41881 162290
106222 30780 218271
327438 29501 3211
236493 185348 189909
90727 92748 135450
81596 159589 38451
226428 279274 329569
255324 226859 75698
273271 217937 79685
267812 240077 131683
82228 24396 12055
214889 151247 191806
50206 305668 313195
228858 46486 536942
37391 40552 160361
158159 72056 166288
151330 192029 198055
90965 245694 239564
34650 47919 115142
67410 96561 5915
230842 85246 260114
89172 101714 311950
106089 266912 226398
96014 49137 203405
308243 240229 88242
110705 91344 294113
42645 321519 302433
201866 81179 516075
226799 4937 291071
56591 13251 331294
226025 207952 152023
241571 255520 232277
195959 313394 20123
258871 158595 253475
138050 42517 301247
158665 271329 82425
284594 65394 57348
181581 86052 163695
85512 23211 217709
329535 142935 152269
223947 108734 224060
34088 709 240578
298471 194219 242210
229149 332123 292467
266365 122013 325734
247330 51790 289282
7244 37807 183450
4449 252312 62438
297435 129838 25524
99455 25400 206438
34273 143149 125510
308673 283642 223021
2384 74561 73874
114995 201567 108744
172222 255179 472560
28960 158959 287351
150047 242862 4953
175218 134502 157619
289915 120583 257663
269485 187613 148203
148033 7544 237385
121716 221988 47292
35186 156439 52590
112323 137020 519877
287130 63859 49797
171140 252483 494325
312573 171879 230567
107931 110543 192806
64107 213522 301863
263260 123064 56665
175384 118851 11499
252721 213905 59819
136118 200136 302302
294748 331397 209595
58349 113026 220265
307953 67723 28437
76588 93121 254507
194260 60933 231792
252878 88307 277136
318526 131733 650207
38912 103359 286438
65223 246247 259223
260659 243083 112171
283751 144423 75984
287936 11827 147217
14512 180903 149361
92131 39568 196498
100916 88655 219364
315918 309421 58760
172726 140538 241765
296086 284644 149022
34162 213907 96805
41961 174865 162500
312015 8157 160553
218384 263811 174506
14414 46556 193900
230358 129594 175429
237042 135194 33629
82665 128952 218732
80848 58799 123466
172988 294682 165585
177838 14709 40640
3328 115663 49917
329690 282950 108479
122136 266719 107542
29202 228586 159893
93262 106369 7326
319732 182471 152895
24672 70098 275529
8135 132903 402225
13684 291379 87941
218541 225998 78036
55234 66272 315190
327081 239496 150249
116539 46079 296122
76849 250816 312988
308677 105657 149225
228165 39515 102688
31014 292725 169396
288610 125858 73772
108326 304591 259760
63302 114026 237815
118468 133894 1912
210792 6507 157770
205847 151065 84761
50985 209296 74350
320252 277661 278678
317333 316829 129673
276883 321792 174929
332570 143971 56389
279904 82247 97564
144201 254879 136644
288422 306601 329186
151771 298319 117857
131892 330374 234641
73720 6223 168796
324394 137509 277684
288810 242876 78132
184714 101119 306187
57543 87723 259586
3672 163912 170187
78464 222777 197742
167093 324182 168795
29959 176352 170584
333296 163489 139649
311565 44044 83288
100787 158178 305758
167443 249739 59330
60137 60 38064
142642 165445 43079
77227 42496 113163
183775 28005 298517
290376 256102 250230
211889 23708 221756
109151 102379 48826
1505 52336 70898
182615 1365 178949
256361 282255 159173
208753 182403 328764
246506 172066 21718
75171 153389 232049
239392 200321 6549
191974 210279 1600
250790 252987 295844
11229 78051 232929
24823 205116 32398
261711 133290 4905
260508 213692 190296
282582 189766 171006
148744 156593 5982
26050 332685 283282
247010 93056 210408
308446 91764 297227
185788 6228 90571
73514 98004 108130
191170 75880 107140
78484 285987 89130
300620 75823 240498
86662 188072 57408
97645 16207 124698
127795 239764 202719
279786 278804 173360
200348 151617 44609
206803 236832 13272
11141 199253 14414
146008 182401 260511
273763 281165 328533
241433 75262 105625
220142 242055 210463
66749 264023 168489
114755 331459 32664
105196 231907 2731
248908 200242 169992
110009 242726 258963
102835 182334 41468
100510 158217 39370
210686 144787 152916
291060 281279 163722
159034 156140 325421
203013 13712 59918
297751 313167 229969
137124 161975 260353
321405 263604 32459
134940 175794 56242
220045 211623 266640
80382 53578 77111
121571 61064 146099
2966 225315 41611
293086 64285 26218
144126 47636 303139
59500 54651 106060
105169 327823 83735
181274 56632 20852
170335 184431 77203
297661 105317 81118
78536 185130 184336
277854 279539 25085
55176 158110 56819
158352 271115 161816
189841 64385 326080
245452 15061 122384
28606 246541 179904
54281 291784 100237
342 167270 178129
306373 139089 206969
27174 95530 193216
245819 71338 22859
108227 80756 286444
24525 276272 129982
261512 262854 127929
130519 117569 310281
249171 157202 242124
60105 49874 42250
226112 162296 46609
25442 263627 320589
150235 34316 306825
193475 226544 214183
188591 171906 47001
1518 95079 188835
84046 202679 256338
213354 129159 84054
147336 36735 313441
18168 155128 50782
58885 147302 51522
167584 248287 28393
191288 138041 100133
199821 65487 161824
59050 274606 285374
61555 185613 299243
262871 232586 164378
212566 189030 142126
118076 152671 261288
212867 282667 98445
204384 109784 95661
62371 255504 250707
22354 269396 67042
93627 306195 16960
181780 267792 284344
179872 300204 134884
56065 139822 199280
10161 239947 38394
18944 95599 177377
175103 64177 51872
234105 32555 117753
280595 113434 304845
45141 289531 77526
277462 135444 492232
173968 58789 50787
283935 228909 76076
286476 307004 302174
284002 288500 41480
169838 286264 81341
298064 15279 164495
200493 241906 135490
58613 210913 225517
224319 54023 249280
323358 50879 8965
47463 23195 167440
324205 57539 17168
132649 154933 120123
281854 128218 98899
69432 216785 159370
156562 145839 139060
272482 225295 217624
103570 294385 77629
157897 273356 263061
315336 14757 46453
187912 103528 12138
64989 43273 13549
16197 280506 291528
169946 245430 330310
163245 131979 162266
227520 268439 84019
287972 79696 165598
73013 310568 279485
43366 147006 120348
296251 270339 304361
48190 236583 314358
167100 157595 47146
68812 272624 142083
324909 203611 257796
304107 89168 299319
174557 245538 61500
164406 267114 44749
91706 106338 160724
15131 238361 193890
288349 184247 256384
232852 27964 156058
233823 41374 130268
290058 32552 174483
228940 193005 240349
171456 150311 157811
180912 84569 18213
143138 296570 191456
45499 106326 26159
129733 143025 124565
196238 126453 25877
92090 157721 149283
256644 273267 275398
240670 239766 135324
227853 259130 158122
131201 55511 129796
296147 252268 60204
186633 35632 273989
122569 261316 217726
120229 300227 189075
42743 291088 286103
213735 199151 19886
238838 275717 306682
304995 8006 110759
303662 105400 127444
107504 156007 210495
249538 9964 318138
234388 138168 168115
208317 276502 165945
211168 102637 223601
90709 200242 181295
68343 215583 139041
31297 135767 241180
71973 221642 246860
178679 151614 255264
72440 332101 35274
37297 174994 80551
164813 298512 223386
296485 158998 269557
23426 329883 14188
33667 25668 211995
199905 196024 38630
310919 235101 158207
50691 124432 180853
42240 179863 156624
144687 322039 245391
23033 207953 304719
38542 315615 255522
90922 14439 245762
5741 75477 58587
209540 319467 48529
98672 15767 144331
313896 290808 36587
323541 187238 68721
13189 182317 221168
6669 49438 1447
143863 204784 247636
184042 13119 219325
206636 156984 238528
10827 222036 163288
56205 25955 170776
73237 292910 69524
77715 275119 232178
160202 140404 243679
48961 172908 235725
325535 286202 257627
47564 331877 223949
9094 314058 146917
319019 106039 14718
13139 160768 332702
97197 153073 57097
95181 161032 39321
154200 246037 106452
203125 303216 167717
245544 172768 154359
184276 93508 257477
192009 53022 623139
124313 270148 66386
72506 104489 272768
124495 206285 318636
199208 102111 267922
280415 15447 307074
25103 74348 5615
40746 92432 8811
254343 44898 266388
153785 72333 212425
178580 210346 323398
31935 312270 143659
138949 178700 276075
178949 296055 7528
319287 161858 159348
88743 81074 372035
2733 83685 136229
239733 198910 301705
90433 49896 69389
189170 115853 169844
208109 209526 312893
187427 26978 4984
311559 325963 145760
241687 306092 258324
332450 292725 238810
182454 14513 116066
219101 271513 263249
311584 219637 58318
167053 45082 149842
76247 205040 276451
235492 222983 173294
141928 272484 175287
193167 47328 72616
183743 132682 186074
9931 117843 300553
123206 221605 291726
132888 36409 141063
48779 8789 158717
150760 260546 167611
313059 174200 241899
168725 34288 195037
53571 173403 121743
178257 261040 125384
317367 80044 292058
174123 212962 741
202441 320266 247840
239352 35785 14865
287183 49137 160970
51387 24943 292336
253498 150790 198822
220692 5515 204670
170365 261876 210251
220829 219533 277406
100869 106855 67226
307690 2728 239769
274978 220104 44235
190402 46187 270813
30630 261091 80628
3517 213075 64776
89196 212877 288809
183019 67867 242099
118136 295552 288829
179941 323451 224911
271482 28729 154764
293160 77160 258970
34437 303560 301762
90834 72306 130995
214836 7759 310374
204221 150228 215567
28428 250898 287
295963 275269 261252
223852 129641 47293
225168 200206 127036
240024 153758 317073
183704 158813 145020
180034 145840 258975
318643 144383 234324
263859 146636 298758
313858 262244 91963
66050 168712 113461
252814 35813 203545
59612 229767 49986
278926 124900 289694
332252 149767 320241
155470 92602 278781
96634 160766 236064
22881 319383 22786
165256 269943 312985
169272 71243 246542
84811 289325 17388
118636 322185 273018
107219 18644 136700
315865 266606 142671
302529 8912 170481
210247 169666 260309
220599 257353 62124
4774 70778 25920
158371 102328 81493
228463 155832 87805
125298 284757 227876
147487 231067 255324
270838 331560 222180
92850 79091 169619
188145 74942 23761
38496 300199 248963
238952 238917 162628
259927 112136 154600
61041 61218 96419
66017 209977 300840
144192 56103 197344
221194 53167 275207
185539 87497 297585
21874 209526 18911
78198 232277 254626
177376 114450 233585
266079 82234 15200
260240 244222 149725
7485 57775 274720
100238 84948 241876
185742 82952 315878
110838 141548 164614
6152 212362 321192
214457 168998 313043
237781 50011 187419
198079 42376 251357
87895 71291 325350
110365 231031 218881
42466 124479 214893
63787 224732 219124
2774 288150 37423
154685 118765 202099
40295 56856 191770
252677 325253 150685
292841 289486 23432
213260 272896 441
114526 324547 169850
92731 233952 178151
288922 233115 40537
158950 227566 322462
91847 195474 7764
301317 124147 26284
106392 125666 30785
69037 228582 6317
179545 127263 271396
87227 123126 198588
267315 60039 48516
216468 294448 264661
176047 42240 128744
142705 274108 312338
215076 304567 117596
69237 17664 130493
214291 189225 233186
203496 247346 123013
114324 47947 305127
279350 256687 168897
1511 238215 313297
100265 190162 94541
74627 132051 263352
277170 298645 271592
18858 3817 274735
82407 161801 100
161283 143100 75900
89387 280371 302204
13255 147746 59545
228052 180302 269254
115850 204132 126555
233758 223798 128426
184853 322764 332384
215367 108303 88354
116265 91889 309235
305179 112906 143477
327856 311900 207108
230620 147709 55543
278174 320172 300084
157468 63366 202695
177635 315624 173493
87342 65222 302556
151516 190045 681385
149165 245661 145673
279954 154823 103477
81445 147821 185279
129808 106137 57613
72956 331064 225184
35469 200737 287706
74794 56646 65735
285870 160976 313090
10430 148735 112844
319186 213382 28471
219690 153294 23438
58544 316433 308103
277279 264669 199803
10260 95770 101967
252034 294589 217284
329128 155359 310251
168872 66599 156956
181793 78792 253614
24146 98385 197447
182060 210175 29612
38028 85848 259505
158551 169187 146829
115884 309022 233217
141250 276652 529135
120732 159798 152055
238503 308232 55838
280317 167151 153203
258715 301301 304862
202307 213517 330249
282095 201639 151353
330647 50476 127435
43101 190878 54598
93122 257336 20109
133544 120651 77085
188884 197408 276030
247639 190708 91887
212251 118682 221668
94240 81920 25590
239438 187236 287578
33958 306018 296629
178879 59554 519382
279265 269696 25798
253779 180788 274082
78689 165932 73147
295652 155155 317575
211994 292346 234722
183735 35022 211826
30507 312189 112515
262537 272326 202683
196910 181601 128541
154943 233606 13883
192515 133017 109264
208814 205129 144217
307741 303611 129598
223314 90465 60936
