100 328
1 77
1 63
1 67
1 52
2 93
2 57
2 98
2 80
2 74
2 91
3 76
3 60
3 52
4 65
4 98
4 89
4 87
4 62
4 100
5 97
5 85
5 64
5 66
5 90
5 56
5 88
5 84
6 81
6 90
6 92
6 72
6 95
6 80
6 68
6 70
6 56
6 69
6 60
6 66
6 87
6 61
7 97
7 81
7 78
7 86
7 98
7 88
7 57
7 58
7 69
7 89
7 59
7 51
8 66
8 56
8 77
8 58
9 84
9 96
9 90
9 77
9 64
9 61
9 73
10 90
10 75
10 80
10 95
10 53
10 58
11 62
11 96
11 82
11 85
11 76
11 77
12 62
12 59
12 53
12 95
12 85
12 70
12 52
12 61
12 68
12 91
13 69
13 76
13 97
13 82
13 81
14 88
14 96
14 90
15 78
15 76
15 74
15 92
15 55
15 70
15 71
15 83
16 60
16 77
16 67
16 96
16 64
16 70
16 100
17 64
17 87
17 59
17 86
17 84
17 93
18 69
18 88
18 89
18 92
18 96
18 97
18 57
19 97
19 59
19 52
19 85
20 92
20 67
20 73
20 58
21 76
21 53
21 55
21 85
21 79
21 73
22 69
22 75
22 65
22 99
22 89
22 94
22 85
23 54
23 69
23 67
23 81
24 87
24 59
24 94
24 93
24 65
25 79
25 94
25 78
25 54
25 65
26 69
26 67
26 81
26 96
27 63
27 54
27 71
27 65
27 69
27 75
28 99
28 84
28 85
28 68
28 95
28 65
28 96
29 72
29 57
29 99
29 58
29 74
30 79
30 59
30 100
30 89
30 97
30 88
30 90
30 57
31 92
31 66
31 72
31 71
31 61
32 97
32 82
32 70
32 100
32 51
32 59
32 67
33 62
33 61
33 94
33 74
33 59
33 98
33 89
33 97
33 91
33 88
33 85
33 60
33 77
33 100
34 100
34 69
34 79
34 97
35 94
35 54
35 66
35 80
35 79
35 65
35 71
35 67
35 87
36 93
36 68
36 89
36 65
37 74
37 61
37 71
37 85
38 90
38 71
38 93
38 85
38 56
38 60
38 66
38 73
38 75
39 64
39 98
39 94
39 90
39 62
39 95
39 81
40 93
40 59
40 96
40 95
40 51
40 90
40 99
41 66
41 80
41 68
41 62
41 67
41 88
41 90
41 98
42 90
42 84
42 97
42 66
42 83
42 60
42 52
42 62
42 65
42 73
43 53
43 56
43 55
43 73
43 75
43 77
43 68
44 60
44 88
44 67
44 90
45 87
45 55
45 91
45 96
45 69
46 62
46 59
46 51
46 70
46 90
46 79
46 84
46 72
46 81
46 55
47 81
47 67
47 75
47 80
47 52
47 51
47 69
47 84
47 74
47 54
48 85
48 93
48 58
48 52
48 79
49 96
49 72
49 61
49 100
50 59
50 57
50 85
50 94
50 73
50 90
50 81
50 92
