100 99
1 2
1 3
1 5
1 32
1 37
1 84
1 88
2 4
2 8
2 12
2 20
2 30
2 50
3 22
3 26
3 31
5 6
5 13
5 21
5 24
5 98
6 7
6 18
6 86
7 9
7 10
7 39
8 61
9 14
9 16
9 19
9 52
9 53
9 95
10 11
10 36
11 42
11 69
12 72
13 54
13 94
14 15
14 17
15 27
15 35
15 48
15 87
17 43
18 63
18 82
19 45
19 56
19 66
20 29
21 25
21 28
21 91
21 93
21 96
22 23
23 44
23 51
25 79
26 33
26 41
28 62
29 34
31 49
33 40
33 78
35 38
35 71
37 80
38 68
39 47
42 46
42 77
44 59
46 60
46 90
49 57
51 58
51 81
53 55
54 73
54 75
59 67
60 65
60 74
61 70
61 76
63 64
64 89
67 99
71 100
75 83
78 92
80 85
87 97
