2000 1999
1 2
1 7
1 11
1 32
1 114
1 299
2 3
2 63
2 98
2 605
2 647
2 1437
2 1622
3 4
3 99
3 154
3 235
3 376
4 5
4 6
4 12
4 39
4 66
4 88
4 105
4 289
5 8
5 14
5 37
5 56
5 61
5 110
5 194
5 430
5 1933
6 10
6 20
6 27
6 31
6 201
6 214
6 316
6 760
7 16
7 19
7 22
7 144
7 237
7 1046
8 9
8 13
8 58
8 301
9 18
9 24
9 113
9 165
9 1402
10 35
10 62
10 180
10 291
11 41
11 76
11 436
11 1028
11 1596
12 15
12 17
12 26
13 23
13 176
13 345
13 400
13 1541
13 1577
14 83
14 143
14 166
14 254
14 277
15 21
15 34
15 72
15 125
15 178
16 68
16 103
16 599
17 46
17 60
17 75
17 566
17 672
18 28
18 50
18 219
18 242
18 268
18 498
18 1670
18 1846
19 29
19 171
20 69
20 80
20 89
20 159
20 269
20 1804
21 49
21 182
21 205
21 280
21 1035
21 1172
21 1810
22 48
22 240
22 287
22 1282
23 64
23 302
23 596
23 691
23 888
23 1039
24 25
24 38
24 43
24 47
24 59
24 82
24 86
24 278
25 482
26 33
26 444
26 487
26 694
27 84
27 317
27 1890
28 30
28 45
28 57
29 42
29 53
29 275
29 1216
30 40
30 136
30 445
30 847
31 132
31 249
31 332
32 51
32 109
32 195
32 403
32 1242
32 1495
33 826
33 1328
33 1968
34 36
34 312
35 95
35 903
35 1058
35 1154
36 54
36 79
36 140
36 196
36 533
36 1778
37 78
37 150
38 90
38 437
38 886
38 1585
39 175
39 206
39 241
39 243
39 273
39 974
39 1086
40 44
40 189
40 1146
40 1333
41 87
41 116
41 148
41 236
41 276
41 471
41 750
41 942
42 96
42 1480
42 1497
43 494
43 1320
44 55
44 108
44 184
44 1236
44 1560
45 85
46 106
47 97
47 864
47 1279
48 65
48 112
48 204
48 262
48 714
48 891
48 1454
49 52
49 328
49 595
49 617
49 811
49 993
49 1088
49 1178
49 1208
50 123
50 979
50 1079
51 441
51 1728
51 1921
52 74
52 81
52 115
52 227
53 71
53 232
54 725
54 1826
55 94
55 203
55 213
55 1761
56 70
56 442
56 1006
57 73
57 314
58 122
58 334
58 395
58 514
58 515
58 1322
59 129
59 602
59 616
59 1395
59 1442
60 480
60 752
60 1032
60 1063
60 1414
60 1494
61 67
61 677
61 688
62 192
62 354
62 774
62 1538
63 124
63 1007
64 174
64 272
64 1801
65 294
65 531
65 572
66 104
66 573
67 120
67 137
67 706
67 819
68 250
68 428
68 577
68 612
69 111
69 228
69 1228
70 157
70 271
71 179
71 251
71 574
71 927
71 1975
72 160
73 185
73 1147
74 181
74 690
74 1562
75 77
75 158
75 382
75 519
76 197
76 216
76 404
76 503
76 638
77 135
77 584
77 587
78 130
78 244
78 1247
78 1272
79 202
79 381
79 869
79 883
79 1923
80 310
80 460
80 582
80 797
80 1005
81 121
82 152
82 733
82 866
82 1339
83 169
83 451
83 520
83 1089
84 92
84 102
84 118
84 397
84 685
84 1523
84 1838
85 91
85 233
85 559
85 1518
86 177
86 530
86 1765
87 93
87 146
87 153
87 264
87 792
87 857
88 100
88 167
88 773
88 1018
88 1408
88 1474
88 1625
90 597
90 696
90 740
91 198
91 211
91 884
92 172
92 329
92 477
92 1713
93 248
93 298
94 209
94 728
94 1017
94 1988
95 800
95 920
95 1407
96 138
96 163
96 324
96 561
96 867
96 1148
96 1558
97 972
98 133
98 260
98 389
99 101
99 183
99 1249
100 686
100 1191
100 1917
101 107
101 186
101 321
101 461
101 1422
101 1616
102 230
102 926
103 173
104 119
104 139
104 581
104 607
105 327
105 343
105 1984
106 325
108 212
109 117
109 193
109 326
109 424
109 446
109 1709
110 200
110 823
110 1250
111 267
111 552
111 1065
112 126
112 330
112 362
112 949
112 953
113 188
113 457
114 347
114 361
115 492
115 1551
116 142
116 568
116 1792
117 342
117 1143
118 145
118 168
118 488
118 986
119 377
119 378
119 521
119 821
119 853
119 916
119 1193
119 1638
120 225
120 279
120 413
121 141
121 656
121 670
121 1059
123 134
123 162
123 187
123 479
123 524
124 127
124 759
124 1400
125 131
125 147
125 506
125 1312
126 128
126 1047
126 1298
127 426
127 539
127 673
128 239
128 410
128 1372
129 199
129 300
130 308
130 547
131 497
131 959
134 247
134 593
134 681
134 978
134 1561
135 156
135 809
135 1829
136 387
137 151
137 224
137 274
137 509
137 658
137 984
138 191
138 371
138 764
138 1358
139 231
139 292
139 518
139 606
139 754
139 907
140 966
140 1410
141 323
141 761
141 1583
141 1788
142 922
142 1132
142 1318
142 1602
143 1260
143 1581
143 1673
144 149
144 259
144 313
144 484
144 921
145 155
145 226
145 261
145 295
145 448
146 293
146 517
146 576
146 630
147 1896
148 419
148 575
148 1090
148 1579
149 315
149 336
149 717
149 839
149 1010
149 1024
149 1886
151 435
152 170
152 365
152 1398
153 218
154 164
154 265
154 965
154 1378
155 653
155 1730
156 1051
156 1479
156 1749
158 161
158 246
158 363
158 897
159 223
159 229
159 698
159 1496
159 1731
160 190
160 525
160 845
161 285
161 1011
161 1547
162 1567
163 220
163 319
164 210
164 810
164 1281
164 1289
165 415
165 580
165 1251
165 1674
166 586
166 632
166 1218
166 1612
167 476
167 486
168 420
168 692
168 736
168 1077
169 1483
169 1891
170 555
170 875
170 1489
171 215
171 560
171 579
171 1176
172 1513
173 598
173 785
173 786
173 1776
174 734
175 207
175 1096
175 1364
175 1446
175 1544
176 221
176 372
176 636
176 1098
177 252
177 421
178 478
178 1973
179 320
179 405
179 1609
179 1743
180 266
180 905
181 364
181 412
181 432
181 643
181 1706
182 344
182 369
182 726
182 1326
183 1476
185 217
186 256
186 258
186 390
186 1568
187 281
187 282
188 253
188 604
188 684
188 1182
189 418
190 1957
191 762
191 804
191 1684
192 304
193 409
193 919
194 663
195 852
195 1997
196 483
196 687
196 707
196 710
196 801
198 222
198 360
198 465
198 865
198 1588
199 208
199 255
200 522
200 1459
201 257
201 466
201 924
201 1423
202 338
202 590
202 1334
202 1453
203 548
205 399
206 443
207 447
207 644
207 669
208 379
208 679
208 682
208 700
210 583
210 1245
211 665
211 816
212 1516
213 297
213 396
213 523
213 795
215 996
215 1432
216 346
216 429
216 455
216 840
217 1983
218 1043
219 449
220 234
221 245
221 391
221 505
221 780
222 1758
223 704
223 1167
223 1243
226 526
227 955
227 1057
228 238
228 425
228 624
228 1036
229 350
230 341
230 502
230 563
230 1278
231 1748
232 306
233 417
234 434
234 549
234 756
234 1133
234 1194
234 1285
234 1458
235 454
235 626
235 779
235 1026
236 263
236 270
236 368
236 542
236 623
237 660
237 814
238 331
239 337
240 1736
240 1862
241 290
241 385
241 450
241 939
241 1225
242 885
242 1451
243 666
244 1115
245 283
245 357
245 603
245 1734
246 1156
246 1786
247 439
248 1034
249 318
249 394
250 721
250 1412
251 469
252 406
253 1071
254 645
254 662
254 1184
254 1349
255 874
256 384
256 500
257 911
258 309
258 622
258 722
259 383
259 463
261 402
261 1619
262 558
262 1800
263 284
263 1119
263 1517
264 473
264 1097
265 307
265 1858
266 1264
267 1166
269 731
270 1634
270 1842
271 1291
271 1292
272 386
273 1425
274 355
276 286
277 783
278 621
278 777
279 470
279 655
279 1164
279 1901
280 322
281 311
281 456
282 408
282 562
282 1137
283 375
283 570
283 757
284 1306
284 1360
284 1727
284 1742
285 288
285 366
285 1114
285 1951
286 708
287 499
287 910
287 1082
288 608
288 1204
289 1777
289 1802
291 349
291 427
292 333
292 564
293 296
293 1905
294 303
294 1610
294 1611
295 305
295 936
295 1075
295 1140
295 1142
296 954
297 353
297 741
297 1737
298 351
298 388
298 541
300 433
300 718
300 1030
301 755
302 367
302 661
302 758
303 359
303 716
303 1455
304 352
306 715
307 374
308 335
308 493
308 529
308 1160
308 1822
309 1645
310 863
310 915
310 1064
311 770
311 933
312 1144
315 1971
317 1198
317 1526
318 370
318 392
318 765
319 1974
320 1023
321 683
321 1430
321 1970
323 1016
324 618
324 1083
325 1574
326 1050
326 1273
330 796
330 1961
331 340
331 380
331 438
331 501
332 453
332 619
332 1716
333 747
334 557
334 799
335 339
335 551
335 1779
336 678
336 1720
337 646
338 648
339 985
340 356
340 614
340 1601
341 398
341 1002
342 592
343 699
344 836
344 1173
345 751
345 794
345 1835
346 481
346 495
347 348
348 373
348 1123
349 422
350 462
350 789
351 358
351 431
351 1391
352 1069
353 458
353 851
354 393
354 565
354 1159
355 401
355 414
355 628
355 880
355 1578
356 407
357 491
359 507
359 781
359 1345
361 528
361 1661
363 1944
364 1386
366 545
367 763
367 772
367 1415
369 1996
370 423
370 585
372 951
373 416
373 633
374 1428
374 1852
375 512
375 805
375 1108
376 440
376 1265
376 1510
377 1261
378 639
378 1411
379 834
379 1820
380 1122
380 1753
381 1954
382 537
382 709
382 899
382 1591
382 1607
382 1787
383 957
384 554
385 901
386 739
386 769
386 1559
387 877
387 1335
388 832
388 835
388 1947
389 459
389 1751
391 1078
391 1405
393 411
394 967
395 601
395 1013
395 1374
397 1371
398 468
399 697
402 527
402 591
402 1769
403 609
403 798
404 895
404 1686
405 1004
405 1163
406 532
406 613
406 727
408 534
408 540
408 664
409 753
410 657
410 724
412 1117
412 1239
413 932
413 1121
414 475
415 472
416 474
417 745
418 464
419 1283
419 1632
420 1062
420 1834
421 650
421 1022
423 546
423 1087
423 1655
423 1695
423 1892
424 767
424 1352
425 828
428 1056
428 1158
428 1350
430 1450
431 1201
432 620
432 1729
434 651
434 676
434 1124
435 550
435 1174
436 1367
437 490
437 569
437 675
437 824
437 1103
437 1210
437 1404
438 1406
439 980
439 1448
439 1631
441 1757
443 1240
443 1860
444 452
444 1416
445 1180
445 1219
445 1649
447 703
447 1986
449 994
449 1031
449 1363
450 1295
451 1042
451 1509
452 1381
453 543
453 556
454 641
455 1470
456 1302
457 719
458 973
459 1214
459 1840
460 467
460 846
461 1435
462 1327
463 1224
464 627
464 1700
465 504
465 513
465 923
466 496
466 1134
466 1531
466 2000
467 1305
468 642
468 1485
469 806
469 1003
470 1027
474 1169
474 1704
475 485
475 1746
475 1871
476 535
476 1539
477 1341
479 611
479 1865
480 817
481 510
481 654
482 489
482 1965
483 1388
484 508
484 625
485 1937
486 1081
488 702
488 1843
489 511
490 820
491 1501
492 802
492 1262
494 680
494 743
495 887
496 1390
498 693
498 1109
498 1678
499 843
499 1068
499 1195
500 950
500 1188
502 589
502 1076
503 730
503 858
504 1718
505 536
505 695
505 848
505 931
506 892
506 1314
507 1756
507 1781
508 516
508 1038
509 928
510 787
510 1145
511 649
511 1149
511 1379
512 553
512 1576
514 998
515 538
515 1336
516 705
517 544
517 964
518 1771
520 1332
522 749
522 1926
523 813
524 1571
524 1692
525 1253
526 992
527 1815
528 567
528 588
528 790
528 1833
529 784
529 1093
531 713
531 1823
532 701
533 999
534 1207
534 1241
535 838
536 631
536 689
537 1205
537 1520
539 668
540 1635
541 742
541 938
542 637
542 1543
543 634
543 1229
544 1436
545 914
546 1347
549 711
550 850
550 1155
550 1589
551 594
551 1383
553 1447
553 1907
554 991
556 1542
557 1663
559 1564
560 791
560 1256
561 768
562 610
562 1102
563 571
563 830
564 904
566 1092
567 578
568 1215
568 1503
569 1587
570 982
570 1766
570 1831
571 918
571 1104
571 1244
571 1620
572 615
572 1139
572 1477
573 1401
575 1206
576 1548
576 1922
580 855
581 1171
583 878
583 1111
585 600
585 945
586 1196
586 1595
587 788
588 735
591 906
591 1055
592 744
592 841
592 1878
595 1353
596 1033
596 1472
597 917
597 1530
600 671
601 861
601 1963
603 771
603 1048
603 1168
603 1266
603 1403
604 732
604 1475
607 766
607 881
607 1138
608 1319
608 1533
609 674
610 635
611 909
612 652
612 833
614 1080
615 629
617 873
617 1426
618 782
619 775
619 1252
620 940
620 1049
621 640
621 1061
621 1331
621 1424
622 1726
622 1870
624 837
624 1238
625 856
625 1153
627 1785
630 1903
631 958
631 1020
631 1525
631 1536
631 1540
633 1867
634 1074
636 1348
637 812
637 988
640 1189
640 1434
642 659
643 1875
645 1170
645 1814
647 1126
647 1672
649 912
649 1504
650 1952
651 815
651 829
651 831
651 1136
653 1300
653 1653
654 1118
654 1369
655 737
655 1715
657 1456
659 776
660 667
660 1662
662 746
662 1855
663 720
663 1351
667 1317
669 1267
671 963
672 971
673 729
673 879
673 1095
674 913
674 934
675 896
675 1286
676 854
676 1722
676 1738
677 1471
677 1966
679 1321
679 1444
679 1666
680 1248
681 943
681 947
681 975
681 1735
682 1427
682 1440
683 712
683 723
683 825
683 968
684 1732
686 818
686 1515
687 1120
687 1268
687 1545
687 1701
691 738
691 1041
691 1719
692 1054
693 1060
693 1152
693 1277
693 1293
694 970
694 1803
695 1590
696 1724
697 935
700 1985
702 1507
703 1421
704 1762
705 1112
707 748
707 1925
708 862
709 1186
711 1784
714 946
714 1703
715 1359
717 870
720 1113
722 1397
723 1190
724 1355
724 1420
726 844
726 1125
726 1796
726 1976
728 1512
729 807
734 1478
736 859
738 1898
738 1992
740 842
740 1764
741 1368
741 1491
741 1866
742 1303
746 1275
747 1449
748 778
749 1409
750 868
750 1342
751 1181
753 941
753 1162
753 1675
754 1107
754 1343
757 822
757 1177
758 1019
758 1418
762 1021
762 1230
766 793
768 952
770 1276
771 1657
772 1072
774 977
775 808
775 893
776 1094
779 882
779 997
781 960
784 1269
786 1725
788 876
790 1066
793 902
794 1809
795 872
797 803
797 1294
797 1393
797 1527
803 1487
804 1685
805 983
805 1185
806 1073
807 860
807 937
808 987
808 1514
811 894
811 1702
813 948
816 1187
816 1222
819 1271
819 1431
819 1967
821 827
821 1284
824 1308
825 1429
827 898
828 849
828 1052
828 1131
829 889
831 1091
831 1647
833 961
833 1739
834 1553
837 1845
838 1556
839 1053
841 1000
843 1258
844 1770
845 1226
845 1712
847 1519
848 1627
848 1676
850 1009
851 1740
855 871
855 1532
857 1025
857 1313
860 1157
864 1012
864 1101
865 1648
865 1694
866 1681
867 1613
868 1161
868 1356
869 1135
870 976
871 962
872 890
872 930
875 900
877 908
877 1955
881 1557
882 1040
885 1246
886 1344
888 1498
897 1555
898 1231
899 1014
901 1554
905 1199
907 1668
909 944
909 1915
911 1767
912 1001
913 1128
915 1752
916 1237
917 1654
918 1067
919 925
919 1110
921 1209
922 929
922 1511
922 1615
922 1981
923 1392
924 1255
925 1037
925 1773
926 1529
926 1959
927 995
927 1307
928 1572
930 1008
932 1099
932 1659
933 990
938 956
938 1457
939 1502
940 989
941 1677
943 1337
944 1844
949 1817
952 1707
952 1795
953 1528
954 1202
954 1789
956 1175
957 1376
961 969
961 1859
962 1100
962 1582
962 1819
964 1151
967 1340
968 1857
970 1505
970 1699
971 1597
973 1962
977 981
979 1441
980 1708
983 1304
983 1629
984 1744
985 1045
986 1183
986 1223
988 1798
990 1141
991 1508
992 1015
994 1856
996 1029
996 1365
999 1296
1005 1315
1005 1861
1007 1085
1007 1617
1008 1717
1009 1354
1011 1864
1013 1445
1017 1366
1019 1643
1020 1070
1020 1106
1020 1614
1021 1651
1023 1212
1023 1584
1024 1394
1024 1942
1026 1257
1028 1044
1031 1165
1031 1467
1032 1150
1033 1816
1034 1535
1035 1433
1035 1745
1036 1506
1039 1593
1040 1197
1040 1563
1041 1929
1042 1628
1044 1763
1044 1991
1046 1916
1047 1084
1048 1325
1049 1105
1049 1270
1049 1417
1049 1680
1050 1691
1051 1452
1051 1873
1052 1438
1053 1130
1053 1484
1053 1799
1055 1297
1056 1618
1059 1254
1059 1443
1060 1830
1061 1384
1062 1280
1062 1500
1062 1924
1064 1129
1064 1697
1068 1233
1072 1754
1074 1179
1076 1639
1076 1644
1083 1837
1084 1323
1086 1127
1086 1200
1087 1116
1088 1927
1090 1413
1092 1288
1093 1565
1095 1203
1097 1931
1098 1235
1102 1274
1102 1603
1102 1987
1102 1989
1104 1630
1105 1847
1107 1192
1107 1848
1107 1920
1109 1492
1112 1665
1112 1960
1115 1324
1117 1953
1119 1316
1134 1290
1134 1650
1136 1213
1136 1389
1137 1938
1138 1956
1149 1580
1149 1969
1150 1299
1154 1626
1156 1310
1157 1534
1161 1234
1162 1396
1163 1221
1164 1211
1164 1573
1164 1821
1165 1664
1165 1696
1166 1227
1166 1575
1167 1598
1168 1357
1170 1936
1172 1493
1172 1679
1172 1889
1172 1930
1173 1710
1174 1419
1177 1977
1178 1220
1180 1375
1180 1972
1182 1217
1184 1259
1184 1705
1187 1232
1187 1468
1188 1641
1188 1714
1192 1813
1202 1263
1205 1301
1205 1488
1209 1599
1214 1481
1215 1682
1216 1940
1217 1377
1222 1909
1233 1338
1236 1346
1236 1473
1236 1733
1237 1669
1239 1768
1240 1836
1243 1370
1246 1895
1248 1885
1249 1912
1250 1689
1250 1807
1251 1311
1251 1832
1253 1687
1257 1490
1261 1329
1267 1900
1268 1469
1273 1774
1274 1894
1276 1482
1278 1362
1278 1721
1279 1876
1284 1287
1287 1521
1292 1461
1293 1499
1302 1309
1302 1671
1303 1330
1303 1486
1304 1524
1306 1874
1307 1439
1309 1361
1310 1592
1312 1879
1314 1747
1319 1850
1320 1760
1320 1872
1322 1380
1322 1812
1323 1608
1326 1899
1327 1552
1328 1688
1330 1462
1332 1465
1333 1839
1337 1373
1344 1656
1347 1919
1350 1888
1352 1385
1355 1387
1358 1382
1365 1790
1368 1854
1369 1570
1374 1399
1375 1637
1375 1869
1380 1522
1384 1755
1386 1569
1386 1624
1389 1550
1389 1683
1394 1549
1400 1883
1409 1605
1411 1723
1413 1633
1414 1658
1414 1868
1417 1537
1418 1463
1418 1464
1419 1794
1425 1460
1432 1828
1435 1466
1439 1623
1440 1811
1452 1780
1463 1958
1465 1978
1466 1806
1478 1546
1478 1667
1495 1652
1497 1932
1503 1646
1504 1750
1510 1642
1516 1827
1517 1948
1518 1640
1529 1759
1531 1604
1532 1797
1534 1881
1536 1566
1536 1621
1544 1660
1544 1851
1545 1690
1550 1586
1552 1600
1559 1877
1562 1693
1564 1606
1575 1980
1583 1636
1586 1594
1586 1808
1593 1945
1595 1982
1606 1863
1614 1849
1617 1918
1621 1882
1622 1884
1627 1949
1630 1741
1630 1946
1640 1841
1645 1825
1650 1698
1651 1793
1653 1913
1663 1783
1663 1893
1664 1887
1681 1935
1686 1943
1689 1964
1697 1906
1707 1711
1722 1853
1725 1897
1729 1911
1734 1782
1745 1824
1748 1910
1752 1775
1758 1805
1763 1902
1766 1772
1774 1791
1774 1928
1774 1979
1794 1908
1795 1994
1796 1818
1811 1939
1813 1990
1822 1950
1837 1914
1838 1934
1841 1998
1845 1880
1855 1993
1874 1904
1906 1999
1932 1941
1932 1995
