2000 1999
1 1894
2 1894
3 1894
4 1894
5 1894
6 1894
7 1894
8 1894
9 1894
10 1894
11 1894
12 1894
13 1894
14 1894
15 1894
16 1894
17 1894
18 1894
19 1894
20 1894
21 1894
22 1894
23 1894
24 1894
25 1894
26 1894
27 1894
28 1894
29 1894
30 1894
31 1894
32 1894
33 1894
34 1894
35 1894
36 1894
37 1894
38 1894
39 1894
40 1894
41 1894
42 1894
43 1894
44 1894
45 1894
46 1894
47 1894
48 1894
49 1894
50 1894
51 1894
52 1894
53 1894
54 1894
55 1894
56 1894
57 1894
58 1894
59 1894
60 1894
61 1894
62 1894
63 1894
64 1894
65 1894
66 1894
67 1894
68 1894
69 1894
70 1894
71 1894
72 1894
73 1894
74 1894
75 1894
76 1894
77 1894
78 1894
79 1894
80 1894
81 1894
82 1894
83 1894
84 1894
85 1894
86 1894
87 1894
88 1894
89 1894
90 1894
91 1894
92 1894
93 1894
94 1894
95 1894
96 1894
97 1894
98 1894
99 1894
100 1894
101 1894
102 1894
103 1894
104 1894
105 1894
106 1894
107 1894
108 1894
109 1894
110 1894
111 1894
112 1894
113 1894
114 1894
115 1894
116 1894
117 1894
118 1894
119 1894
120 1894
121 1894
122 1894
123 1894
124 1894
125 1894
126 1894
127 1894
128 1894
129 1894
130 1894
131 1894
132 1894
133 1894
134 1894
135 1894
136 1894
137 1894
138 1894
139 1894
140 1894
141 1894
142 1894
143 1894
144 1894
145 1894
146 1894
147 1894
148 1894
149 1894
150 1894
151 1894
152 1894
153 1894
154 1894
155 1894
156 1894
157 1894
158 1894
159 1894
160 1894
161 1894
162 1894
163 1894
164 1894
165 1894
166 1894
167 1894
168 1894
169 1894
170 1894
171 1894
172 1894
173 1894
174 1894
175 1894
176 1894
177 1894
178 1894
179 1894
180 1894
181 1894
182 1894
183 1894
184 1894
185 1894
186 1894
187 1894
188 1894
189 1894
190 1894
191 1894
192 1894
193 1894
194 1894
195 1894
196 1894
197 1894
198 1894
199 1894
200 1894
201 1894
202 1894
203 1894
204 1894
205 1894
206 1894
207 1894
208 1894
209 1894
210 1894
211 1894
212 1894
213 1894
214 1894
215 1894
216 1894
217 1894
218 1894
219 1894
220 1894
221 1894
222 1894
223 1894
224 1894
225 1894
226 1894
227 1894
228 1894
229 1894
230 1894
231 1894
232 1894
233 1894
234 1894
235 1894
236 1894
237 1894
238 1894
239 1894
240 1894
241 1894
242 1894
243 1894
244 1894
245 1894
246 1894
247 1894
248 1894
249 1894
250 1894
251 1894
252 1894
253 1894
254 1894
255 1894
256 1894
257 1894
258 1894
259 1894
260 1894
261 1894
262 1894
263 1894
264 1894
265 1894
266 1894
267 1894
268 1894
269 1894
270 1894
271 1894
272 1894
273 1894
274 1894
275 1894
276 1894
277 1894
278 1894
279 1894
280 1894
281 1894
282 1894
283 1894
284 1894
285 1894
286 1894
287 1894
288 1894
289 1894
290 1894
291 1894
292 1894
293 1894
294 1894
295 1894
296 1894
297 1894
298 1894
299 1894
300 1894
301 1894
302 1894
303 1894
304 1894
305 1894
306 1894
307 1894
308 1894
309 1894
310 1894
311 1894
312 1894
313 1894
314 1894
315 1894
316 1894
317 1894
318 1894
319 1894
320 1894
321 1894
322 1894
323 1894
324 1894
325 1894
326 1894
327 1894
328 1894
329 1894
330 1894
331 1894
332 1894
333 1894
334 1894
335 1894
336 1894
337 1894
338 1894
339 1894
340 1894
341 1894
342 1894
343 1894
344 1894
345 1894
346 1894
347 1894
348 1894
349 1894
350 1894
351 1894
352 1894
353 1894
354 1894
355 1894
356 1894
357 1894
358 1894
359 1894
360 1894
361 1894
362 1894
363 1894
364 1894
365 1894
366 1894
367 1894
368 1894
369 1894
370 1894
371 1894
372 1894
373 1894
374 1894
375 1894
376 1894
377 1894
378 1894
379 1894
380 1894
381 1894
382 1894
383 1894
384 1894
385 1894
386 1894
387 1894
388 1894
389 1894
390 1894
391 1894
392 1894
393 1894
394 1894
395 1894
396 1894
397 1894
398 1894
399 1894
400 1894
401 1894
402 1894
403 1894
404 1894
405 1894
406 1894
407 1894
408 1894
409 1894
410 1894
411 1894
412 1894
413 1894
414 1894
415 1894
416 1894
417 1894
418 1894
419 1894
420 1894
421 1894
422 1894
423 1894
424 1894
425 1894
426 1894
427 1894
428 1894
429 1894
430 1894
431 1894
432 1894
433 1894
434 1894
435 1894
436 1894
437 1894
438 1894
439 1894
440 1894
441 1894
442 1894
443 1894
444 1894
445 1894
446 1894
447 1894
448 1894
449 1894
450 1894
451 1894
452 1894
453 1894
454 1894
455 1894
456 1894
457 1894
458 1894
459 1894
460 1894
461 1894
462 1894
463 1894
464 1894
465 1894
466 1894
467 1894
468 1894
469 1894
470 1894
471 1894
472 1894
473 1894
474 1894
475 1894
476 1894
477 1894
478 1894
479 1894
480 1894
481 1894
482 1894
483 1894
484 1894
485 1894
486 1894
487 1894
488 1894
489 1894
490 1894
491 1894
492 1894
493 1894
494 1894
495 1894
496 1894
497 1894
498 1894
499 1894
500 1894
501 1894
502 1894
503 1894
504 1894
505 1894
506 1894
507 1894
508 1894
509 1894
510 1894
511 1894
512 1894
513 1894
514 1894
515 1894
516 1894
517 1894
518 1894
519 1894
520 1894
521 1894
522 1894
523 1894
524 1894
525 1894
526 1894
527 1894
528 1894
529 1894
530 1894
531 1894
532 1894
533 1894
534 1894
535 1894
536 1894
537 1894
538 1894
539 1894
540 1894
541 1894
542 1894
543 1894
544 1894
545 1894
546 1894
547 1894
548 1894
549 1894
550 1894
551 1894
552 1894
553 1894
554 1894
555 1894
556 1894
557 1894
558 1894
559 1894
560 1894
561 1894
562 1894
563 1894
564 1894
565 1894
566 1894
567 1894
568 1894
569 1894
570 1894
571 1894
572 1894
573 1894
574 1894
575 1894
576 1894
577 1894
578 1894
579 1894
580 1894
581 1894
582 1894
583 1894
584 1894
585 1894
586 1894
587 1894
588 1894
589 1894
590 1894
591 1894
592 1894
593 1894
594 1894
595 1894
596 1894
597 1894
598 1894
599 1894
600 1894
601 1894
602 1894
603 1894
604 1894
605 1894
606 1894
607 1894
608 1894
609 1894
610 1894
611 1894
612 1894
613 1894
614 1894
615 1894
616 1894
617 1894
618 1894
619 1894
620 1894
621 1894
622 1894
623 1894
624 1894
625 1894
626 1894
627 1894
628 1894
629 1894
630 1894
631 1894
632 1894
633 1894
634 1894
635 1894
636 1894
637 1894
638 1894
639 1894
640 1894
641 1894
642 1894
643 1894
644 1894
645 1894
646 1894
647 1894
648 1894
649 1894
650 1894
651 1894
652 1894
653 1894
654 1894
655 1894
656 1894
657 1894
658 1894
659 1894
660 1894
661 1894
662 1894
663 1894
664 1894
665 1894
666 1894
667 1894
668 1894
669 1894
670 1894
671 1894
672 1894
673 1894
674 1894
675 1894
676 1894
677 1894
678 1894
679 1894
680 1894
681 1894
682 1894
683 1894
684 1894
685 1894
686 1894
687 1894
688 1894
689 1894
690 1894
691 1894
692 1894
693 1894
694 1894
695 1894
696 1894
697 1894
698 1894
699 1894
700 1894
701 1894
702 1894
703 1894
704 1894
705 1894
706 1894
707 1894
708 1894
709 1894
710 1894
711 1894
712 1894
713 1894
714 1894
715 1894
716 1894
717 1894
718 1894
719 1894
720 1894
721 1894
722 1894
723 1894
724 1894
725 1894
726 1894
727 1894
728 1894
729 1894
730 1894
731 1894
732 1894
733 1894
734 1894
735 1894
736 1894
737 1894
738 1894
739 1894
740 1894
741 1894
742 1894
743 1894
744 1894
745 1894
746 1894
747 1894
748 1894
749 1894
750 1894
751 1894
752 1894
753 1894
754 1894
755 1894
756 1894
757 1894
758 1894
759 1894
760 1894
761 1894
762 1894
763 1894
764 1894
765 1894
766 1894
767 1894
768 1894
769 1894
770 1894
771 1894
772 1894
773 1894
774 1894
775 1894
776 1894
777 1894
778 1894
779 1894
780 1894
781 1894
782 1894
783 1894
784 1894
785 1894
786 1894
787 1894
788 1894
789 1894
790 1894
791 1894
792 1894
793 1894
794 1894
795 1894
796 1894
797 1894
798 1894
799 1894
800 1894
801 1894
802 1894
803 1894
804 1894
805 1894
806 1894
807 1894
808 1894
809 1894
810 1894
811 1894
812 1894
813 1894
814 1894
815 1894
816 1894
817 1894
818 1894
819 1894
820 1894
821 1894
822 1894
823 1894
824 1894
825 1894
826 1894
827 1894
828 1894
829 1894
830 1894
831 1894
832 1894
833 1894
834 1894
835 1894
836 1894
837 1894
838 1894
839 1894
840 1894
841 1894
842 1894
843 1894
844 1894
845 1894
846 1894
847 1894
848 1894
849 1894
850 1894
851 1894
852 1894
853 1894
854 1894
855 1894
856 1894
857 1894
858 1894
859 1894
860 1894
861 1894
862 1894
863 1894
864 1894
865 1894
866 1894
867 1894
868 1894
869 1894
870 1894
871 1894
872 1894
873 1894
874 1894
875 1894
876 1894
877 1894
878 1894
879 1894
880 1894
881 1894
882 1894
883 1894
884 1894
885 1894
886 1894
887 1894
888 1894
889 1894
890 1894
891 1894
892 1894
893 1894
894 1894
895 1894
896 1894
897 1894
898 1894
899 1894
900 1894
901 1894
902 1894
903 1894
904 1894
905 1894
906 1894
907 1894
908 1894
909 1894
910 1894
911 1894
912 1894
913 1894
914 1894
915 1894
916 1894
917 1894
918 1894
919 1894
920 1894
921 1894
922 1894
923 1894
924 1894
925 1894
926 1894
927 1894
928 1894
929 1894
930 1894
931 1894
932 1894
933 1894
934 1894
935 1894
936 1894
937 1894
938 1894
939 1894
940 1894
941 1894
942 1894
943 1894
944 1894
945 1894
946 1894
947 1894
948 1894
949 1894
950 1894
951 1894
952 1894
953 1894
954 1894
955 1894
956 1894
957 1894
958 1894
959 1894
960 1894
961 1894
962 1894
963 1894
964 1894
965 1894
966 1894
967 1894
968 1894
969 1894
970 1894
971 1894
972 1894
973 1894
974 1894
975 1894
976 1894
977 1894
978 1894
979 1894
980 1894
981 1894
982 1894
983 1894
984 1894
985 1894
986 1894
987 1894
988 1894
989 1894
990 1894
991 1894
992 1894
993 1894
994 1894
995 1894
996 1894
997 1894
998 1894
999 1894
1000 1894
1001 1894
1002 1894
1003 1894
1004 1894
1005 1894
1006 1894
1007 1894
1008 1894
1009 1894
1010 1894
1011 1894
1012 1894
1013 1894
1014 1894
1015 1894
1016 1894
1017 1894
1018 1894
1019 1894
1020 1894
1021 1894
1022 1894
1023 1894
1024 1894
1025 1894
1026 1894
1027 1894
1028 1894
1029 1894
1030 1894
1031 1894
1032 1894
1033 1894
1034 1894
1035 1894
1036 1894
1037 1894
1038 1894
1039 1894
1040 1894
1041 1894
1042 1894
1043 1894
1044 1894
1045 1894
1046 1894
1047 1894
1048 1894
1049 1894
1050 1894
1051 1894
1052 1894
1053 1894
1054 1894
1055 1894
1056 1894
1057 1894
1058 1894
1059 1894
1060 1894
1061 1894
1062 1894
1063 1894
1064 1894
1065 1894
1066 1894
1067 1894
1068 1894
1069 1894
1070 1894
1071 1894
1072 1894
1073 1894
1074 1894
1075 1894
1076 1894
1077 1894
1078 1894
1079 1894
1080 1894
1081 1894
1082 1894
1083 1894
1084 1894
1085 1894
1086 1894
1087 1894
1088 1894
1089 1894
1090 1894
1091 1894
1092 1894
1093 1894
1094 1894
1095 1894
1096 1894
1097 1894
1098 1894
1099 1894
1100 1894
1101 1894
1102 1894
1103 1894
1104 1894
1105 1894
1106 1894
1107 1894
1108 1894
1109 1894
1110 1894
1111 1894
1112 1894
1113 1894
1114 1894
1115 1894
1116 1894
1117 1894
1118 1894
1119 1894
1120 1894
1121 1894
1122 1894
1123 1894
1124 1894
1125 1894
1126 1894
1127 1894
1128 1894
1129 1894
1130 1894
1131 1894
1132 1894
1133 1894
1134 1894
1135 1894
1136 1894
1137 1894
1138 1894
1139 1894
1140 1894
1141 1894
1142 1894
1143 1894
1144 1894
1145 1894
1146 1894
1147 1894
1148 1894
1149 1894
1150 1894
1151 1894
1152 1894
1153 1894
1154 1894
1155 1894
1156 1894
1157 1894
1158 1894
1159 1894
1160 1894
1161 1894
1162 1894
1163 1894
1164 1894
1165 1894
1166 1894
1167 1894
1168 1894
1169 1894
1170 1894
1171 1894
1172 1894
1173 1894
1174 1894
1175 1894
1176 1894
1177 1894
1178 1894
1179 1894
1180 1894
1181 1894
1182 1894
1183 1894
1184 1894
1185 1894
1186 1894
1187 1894
1188 1894
1189 1894
1190 1894
1191 1894
1192 1894
1193 1894
1194 1894
1195 1894
1196 1894
1197 1894
1198 1894
1199 1894
1200 1894
1201 1894
1202 1894
1203 1894
1204 1894
1205 1894
1206 1894
1207 1894
1208 1894
1209 1894
1210 1894
1211 1894
1212 1894
1213 1894
1214 1894
1215 1894
1216 1894
1217 1894
1218 1894
1219 1894
1220 1894
1221 1894
1222 1894
1223 1894
1224 1894
1225 1894
1226 1894
1227 1894
1228 1894
1229 1894
1230 1894
1231 1894
1232 1894
1233 1894
1234 1894
1235 1894
1236 1894
1237 1894
1238 1894
1239 1894
1240 1894
1241 1894
1242 1894
1243 1894
1244 1894
1245 1894
1246 1894
1247 1894
1248 1894
1249 1894
1250 1894
1251 1894
1252 1894
1253 1894
1254 1894
1255 1894
1256 1894
1257 1894
1258 1894
1259 1894
1260 1894
1261 1894
1262 1894
1263 1894
1264 1894
1265 1894
1266 1894
1267 1894
1268 1894
1269 1894
1270 1894
1271 1894
1272 1894
1273 1894
1274 1894
1275 1894
1276 1894
1277 1894
1278 1894
1279 1894
1280 1894
1281 1894
1282 1894
1283 1894
1284 1894
1285 1894
1286 1894
1287 1894
1288 1894
1289 1894
1290 1894
1291 1894
1292 1894
1293 1894
1294 1894
1295 1894
1296 1894
1297 1894
1298 1894
1299 1894
1300 1894
1301 1894
1302 1894
1303 1894
1304 1894
1305 1894
1306 1894
1307 1894
1308 1894
1309 1894
1310 1894
1311 1894
1312 1894
1313 1894
1314 1894
1315 1894
1316 1894
1317 1894
1318 1894
1319 1894
1320 1894
1321 1894
1322 1894
1323 1894
1324 1894
1325 1894
1326 1894
1327 1894
1328 1894
1329 1894
1330 1894
1331 1894
1332 1894
1333 1894
1334 1894
1335 1894
1336 1894
1337 1894
1338 1894
1339 1894
1340 1894
1341 1894
1342 1894
1343 1894
1344 1894
1345 1894
1346 1894
1347 1894
1348 1894
1349 1894
1350 1894
1351 1894
1352 1894
1353 1894
1354 1894
1355 1894
1356 1894
1357 1894
1358 1894
1359 1894
1360 1894
1361 1894
1362 1894
1363 1894
1364 1894
1365 1894
1366 1894
1367 1894
1368 1894
1369 1894
1370 1894
1371 1894
1372 1894
1373 1894
1374 1894
1375 1894
1376 1894
1377 1894
1378 1894
1379 1894
1380 1894
1381 1894
1382 1894
1383 1894
1384 1894
1385 1894
1386 1894
1387 1894
1388 1894
1389 1894
1390 1894
1391 1894
1392 1894
1393 1894
1394 1894
1395 1894
1396 1894
1397 1894
1398 1894
1399 1894
1400 1894
1401 1894
1402 1894
1403 1894
1404 1894
1405 1894
1406 1894
1407 1894
1408 1894
1409 1894
1410 1894
1411 1894
1412 1894
1413 1894
1414 1894
1415 1894
1416 1894
1417 1894
1418 1894
1419 1894
1420 1894
1421 1894
1422 1894
1423 1894
1424 1894
1425 1894
1426 1894
1427 1894
1428 1894
1429 1894
1430 1894
1431 1894
1432 1894
1433 1894
1434 1894
1435 1894
1436 1894
1437 1894
1438 1894
1439 1894
1440 1894
1441 1894
1442 1894
1443 1894
1444 1894
1445 1894
1446 1894
1447 1894
1448 1894
1449 1894
1450 1894
1451 1894
1452 1894
1453 1894
1454 1894
1455 1894
1456 1894
1457 1894
1458 1894
1459 1894
1460 1894
1461 1894
1462 1894
1463 1894
1464 1894
1465 1894
1466 1894
1467 1894
1468 1894
1469 1894
1470 1894
1471 1894
1472 1894
1473 1894
1474 1894
1475 1894
1476 1894
1477 1894
1478 1894
1479 1894
1480 1894
1481 1894
1482 1894
1483 1894
1484 1894
1485 1894
1486 1894
1487 1894
1488 1894
1489 1894
1490 1894
1491 1894
1492 1894
1493 1894
1494 1894
1495 1894
1496 1894
1497 1894
1498 1894
1499 1894
1500 1894
1501 1894
1502 1894
1503 1894
1504 1894
1505 1894
1506 1894
1507 1894
1508 1894
1509 1894
1510 1894
1511 1894
1512 1894
1513 1894
1514 1894
1515 1894
1516 1894
1517 1894
1518 1894
1519 1894
1520 1894
1521 1894
1522 1894
1523 1894
1524 1894
1525 1894
1526 1894
1527 1894
1528 1894
1529 1894
1530 1894
1531 1894
1532 1894
1533 1894
1534 1894
1535 1894
1536 1894
1537 1894
1538 1894
1539 1894
1540 1894
1541 1894
1542 1894
1543 1894
1544 1894
1545 1894
1546 1894
1547 1894
1548 1894
1549 1894
1550 1894
1551 1894
1552 1894
1553 1894
1554 1894
1555 1894
1556 1894
1557 1894
1558 1894
1559 1894
1560 1894
1561 1894
1562 1894
1563 1894
1564 1894
1565 1894
1566 1894
1567 1894
1568 1894
1569 1894
1570 1894
1571 1894
1572 1894
1573 1894
1574 1894
1575 1894
1576 1894
1577 1894
1578 1894
1579 1894
1580 1894
1581 1894
1582 1894
1583 1894
1584 1894
1585 1894
1586 1894
1587 1894
1588 1894
1589 1894
1590 1894
1591 1894
1592 1894
1593 1894
1594 1894
1595 1894
1596 1894
1597 1894
1598 1894
1599 1894
1600 1894
1601 1894
1602 1894
1603 1894
1604 1894
1605 1894
1606 1894
1607 1894
1608 1894
1609 1894
1610 1894
1611 1894
1612 1894
1613 1894
1614 1894
1615 1894
1616 1894
1617 1894
1618 1894
1619 1894
1620 1894
1621 1894
1622 1894
1623 1894
1624 1894
1625 1894
1626 1894
1627 1894
1628 1894
1629 1894
1630 1894
1631 1894
1632 1894
1633 1894
1634 1894
1635 1894
1636 1894
1637 1894
1638 1894
1639 1894
1640 1894
1641 1894
1642 1894
1643 1894
1644 1894
1645 1894
1646 1894
1647 1894
1648 1894
1649 1894
1650 1894
1651 1894
1652 1894
1653 1894
1654 1894
1655 1894
1656 1894
1657 1894
1658 1894
1659 1894
1660 1894
1661 1894
1662 1894
1663 1894
1664 1894
1665 1894
1666 1894
1667 1894
1668 1894
1669 1894
1670 1894
1671 1894
1672 1894
1673 1894
1674 1894
1675 1894
1676 1894
1677 1894
1678 1894
1679 1894
1680 1894
1681 1894
1682 1894
1683 1894
1684 1894
1685 1894
1686 1894
1687 1894
1688 1894
1689 1894
1690 1894
1691 1894
1692 1894
1693 1894
1694 1894
1695 1894
1696 1894
1697 1894
1698 1894
1699 1894
1700 1894
1701 1894
1702 1894
1703 1894
1704 1894
1705 1894
1706 1894
1707 1894
1708 1894
1709 1894
1710 1894
1711 1894
1712 1894
1713 1894
1714 1894
1715 1894
1716 1894
1717 1894
1718 1894
1719 1894
1720 1894
1721 1894
1722 1894
1723 1894
1724 1894
1725 1894
1726 1894
1727 1894
1728 1894
1729 1894
1730 1894
1731 1894
1732 1894
1733 1894
1734 1894
1735 1894
1736 1894
1737 1894
1738 1894
1739 1894
1740 1894
1741 1894
1742 1894
1743 1894
1744 1894
1745 1894
1746 1894
1747 1894
1748 1894
1749 1894
1750 1894
1751 1894
1752 1894
1753 1894
1754 1894
1755 1894
1756 1894
1757 1894
1758 1894
1759 1894
1760 1894
1761 1894
1762 1894
1763 1894
1764 1894
1765 1894
1766 1894
1767 1894
1768 1894
1769 1894
1770 1894
1771 1894
1772 1894
1773 1894
1774 1894
1775 1894
1776 1894
1777 1894
1778 1894
1779 1894
1780 1894
1781 1894
1782 1894
1783 1894
1784 1894
1785 1894
1786 1894
1787 1894
1788 1894
1789 1894
1790 1894
1791 1894
1792 1894
1793 1894
1794 1894
1795 1894
1796 1894
1797 1894
1798 1894
1799 1894
1800 1894
1801 1894
1802 1894
1803 1894
1804 1894
1805 1894
1806 1894
1807 1894
1808 1894
1809 1894
1810 1894
1811 1894
1812 1894
1813 1894
1814 1894
1815 1894
1816 1894
1817 1894
1818 1894
1819 1894
1820 1894
1821 1894
1822 1894
1823 1894
1824 1894
1825 1894
1826 1894
1827 1894
1828 1894
1829 1894
1830 1894
1831 1894
1832 1894
1833 1894
1834 1894
1835 1894
1836 1894
1837 1894
1838 1894
1839 1894
1840 1894
1841 1894
1842 1894
1843 1894
1844 1894
1845 1894
1846 1894
1847 1894
1848 1894
1849 1894
1850 1894
1851 1894
1852 1894
1853 1894
1854 1894
1855 1894
1856 1894
1857 1894
1858 1894
1859 1894
1860 1894
1861 1894
1862 1894
1863 1894
1864 1894
1865 1894
1866 1894
1867 1894
1868 1894
1869 1894
1870 1894
1871 1894
1872 1894
1873 1894
1874 1894
1875 1894
1876 1894
1877 1894
1878 1894
1879 1894
1880 1894
1881 1894
1882 1894
1883 1894
1884 1894
1885 1894
1886 1894
1887 1894
1888 1894
1889 1894
1890 1894
1891 1894
1892 1894
1893 1894
1894 1895
1894 1896
1894 1897
1894 1898
1894 1899
1894 1900
1894 1901
1894 1902
1894 1903
1894 1904
1894 1905
1894 1906
1894 1907
1894 1908
1894 1909
1894 1910
1894 1911
1894 1912
1894 1913
1894 1914
1894 1915
1894 1916
1894 1917
1894 1918
1894 1919
1894 1920
1894 1921
1894 1922
1894 1923
1894 1924
1894 1925
1894 1926
1894 1927
1894 1928
1894 1929
1894 1930
1894 1931
1894 1932
1894 1933
1894 1934
1894 1935
1894 1936
1894 1937
1894 1938
1894 1939
1894 1940
1894 1941
1894 1942
1894 1943
1894 1944
1894 1945
1894 1946
1894 1947
1894 1948
1894 1949
1894 1950
1894 1951
1894 1952
1894 1953
1894 1954
1894 1955
1894 1956
1894 1957
1894 1958
1894 1959
1894 1960
1894 1961
1894 1962
1894 1963
1894 1964
1894 1965
1894 1966
1894 1967
1894 1968
1894 1969
1894 1970
1894 1971
1894 1972
1894 1973
1894 1974
1894 1975
1894 1976
1894 1977
1894 1978
1894 1979
1894 1980
1894 1981
1894 1982
1894 1983
1894 1984
1894 1985
1894 1986
1894 1987
1894 1988
1894 1989
1894 1990
1894 1991
1894 1992
1894 1993
1894 1994
1894 1995
1894 1996
1894 1997
1894 1998
1894 1999
1894 2000
