100
791445771
751018521
2638598
587064663
590904343
654402693
989637336
810978647
529632452
208472978
595609026
649495286
269398163
140158763
646311847
184124721
511531475
497423693
538160870
287598673
905142365
712426476
277076044
450720283
569420519
664645502
569478832
299973038
356171474
547747246
300614254
185914464
215719332
229601578
329673757
469734562
656440407
48641966
387779169
320713719
27656840
81268151
507020353
636268873
32513953
801013169
317857186
228570516
587953151
576729306
593760002
16036425
507407492
104003668
199904526
364143557
313191270
899045431
260539596
311301431
956883303
585269316
831404618
864801093
262054147
106262195
932420125
488211407
315674749
491867390
269299107
741147043
998853466
973639108
536223602
205983720
507479020
25443239
40514454
424548659
415847360
678193726
990258055
793282029
839312712
90526748
781180528
217324098
535938803
211214631
249338449
799741963
361039288
169765770
828703630
152317245
182428846
532521907
857601487
459991208
