100
505129324
883907314
280615601
866751618
598187658
760708735
176393007
161591623
362986763
346459047
374104905
561007581
70584344
405964733
215271685
106542555
235287112
729007705
131778906
624025667
286754862
975681031
879397359
321277345
758156425
535728430
862173571
475844656
59633203
573042987
378728194
205651517
997390019
483113147
688907974
354287866
83307571
665706012
408914644
861216340
487498938
486161484
29202619
702255486
35188138
142993232
762902809
895073596
614445491
791681431
112900741
997169425
833789167
838608309
886021318
55639729
862188940
631707673
281186794
419507743
926860709
772225742
107292288
800211649
992423105
446532118
419154591
950679655
575558139
320519658
155132500
643754719
640099496
761109027
487796248
790095284
92806932
459124813
374398760
630531778
718563765
311172639
433175011
136862572
788534590
412785284
335176368
317815095
576510006
221031972
217861917
448374196
108297398
612808300
39006449
516249426
73918871
836297906
676234075
310814545
