100
500801899
846930661
376123048
726908141
212564405
473059766
230501319
281256931
446309607
924951161
984856465
928297541
169991254
7558196
517802066
145333638
255391390
583747955
334969888
426344426
95949114
344054254
225722850
33484962
545770568
570719222
363312349
858440603
473405891
560395116
74167672
461286543
372058728
208871715
214319570
646507162
17360137
591669937
193318702
177975830
492073837
18211266
120625838
21777032
151868950
706499149
540379997
266850760
571731577
597195069
87826820
477135181
936101881
676334193
42963422
562405495
822186053
970404756
241395451
217918939
941872006
765757829
674376657
127478667
656706370
658378752
646319614
14417827
327598540
406193524
564729655
457954933
819476481
837906324
541477669
350553854
800142476
742283526
707456107
762036167
419719915
494683182
359202681
199568748
431942055
928608908
28711204
620083448
203710552
568637154
733599683
624058080
969163791
891286535
933854540
716264931
10155955
36924758
619432133
855934633
