100
9232
9773
9154
9259
9362
9517
9562
9972
9446
9909
9279
9579
9177
9684
9138
9830
9397
9332
9654
9140
9151
9596
9371
9445
9657
9686
9373
9833
9530
9385
9277
9728
9210
9014
9994
9013
9812
9794
9252
9368
9035
9505
9129
9023
9102
9523
9791
9012
9088
9475
9213
9356
9150
9624
9283
9665
9444
9055
9469
9298
9953
9471
9076
9742
9814
9147
9269
9428
9226
9548
9632
9087
9541
9760
9525
9843
9424
9155
9976
9969
9278
9136
9775
9172
9575
9481
9059
9079
9999
9302
9134
9493
9433
9545
9650
9258
9450
9824
9399
9990
