100
787118347
245049973
98146044
447221186
910308793
130717916
984810161
930643955
202898888
197022500
206361586
16786246
368805073
977787033
948842228
222915804
531635753
352163943
331295444
89917432
950372425
549791594
682336023
162927899
652005958
699636294
70617611
151561881
769944162
240128080
585996324
851605898
590387041
955359146
386092456
56926154
295521677
679633595
877210931
168480312
32231739
849352741
362407764
955789419
149194764
364520086
95334374
190290272
545239237
87271647
509750592
964993077
904691503
705692744
356845629
870909322
568159679
768750618
279683741
873675819
30831087
578801403
457425474
192068111
631365116
318108830
923549340
256977284
67715150
813577064
442860454
555347256
178231451
814400596
294933726
471469993
509786859
13630656
609607609
87061151
353039317
97741078
385278620
855988205
187748881
311379076
943707260
224621155
163139349
27812708
296084320
680454551
811849273
448244005
487516913
942275343
354701738
28120056
36836353
300083592
