100
999999984
999999945
999999957
999999964
999999996
999999921
999999907
999999939
999999925
999999960
999999902
999999909
999999955
999999978
999999970
999999946
999999934
999999947
999999993
999999935
999999905
999999988
999999913
999999979
999999911
999999990
999999977
999999995
999999910
999999901
999999961
999999926
999999992
999999953
999999980
999999954
999999966
999999950
999999972
999999976
999999965
999999991
999999951
999999959
999999906
999999922
999999908
999999937
999999904
999999932
999999968
999999941
999999994
999999912
999999963
999999975
999999962
999999949
999999948
999999940
999999914
999999956
999999931
999999943
999999924
999999917
999999944
999999927
999999999
999999974
999999933
999999967
999999998
999999938
999999983
999999971
999999923
999999929
999999930
999999981
999999942
999999973
999999986
999999958
1000000000
999999989
999999936
999999985
999999900
999999918
999999916
999999928
999999903
999999969
999999982
999999915
999999987
999999952
999999920
999999997
