185226 584826 4792
92096 104381
492876 107044
558662 183747
573707 184931
22984 184077
515741 175189
560151 183908
46640 180625
56886 178412
64399 176501
496392 136182
501413 158222
83729 157060
492590 101129
503846 166467
92144 103373
545360 181923
89756 128098
494059 120475
492487 97660
50761 179783
386723 5617
3519 185180
29865 183309
550867 182768
492627 102089
34051 182755
87414 141465
55032 178847
89844 127538
494848 126609
561894 184082
26113 183755
503265 164655
41467 181584
82324 162077
500509 154840
20613 184294
88681 134796
549861 182623
493222 111952
550676 182741
87935 138853
524535 177576
505226 170893
492925 107836
90080 125878
92291 99474
497407 141465
87045 143270
11527 184909
558713 183755
497302 140947
1790 185206
371408 42534
33065 182893
31728 183064
450882 72502
87717 139975
554464 183252
536519 180302
524606 177594
92261 100411
60480 177528
501479 158462
524405 177543
43153 181286
579311 185136
90092 125791
570678 184768
81212 165804
23457 184031
543261 181567
83898 156430
364823 4578
81831 163753
534544 179877
504259 167880
50665 179814
52608 179394
41983 181494
79661 170706
27245 183628
87954 138754
90974 118632
58426 178029
563452 184227
88253 137169
36222 182436
89666 128730
553735 183158
582361 185197
549076 182507
532514 179459
49345 180079
92024 105756
501138 157212
570251 184742
92380 95552
523916 177407
19612 184377
503566 165647
16973 184582
77555 172584
584154 185219
82669 160881
514453 174812
550232 182677
83366 158393
495474 130783
91848 108651
83645 157371
531649 179268
505136 170617
570879 184780
26911 183666
92323 98328
33604 182818
21825 184186
492477 97210
528909 178641
494768 126037
492603 101480
92242 100962
561885 184077
476587 24009
496794 138346
352251 43318
92005 106099
24246 183952
91995 106223
59611 177748
493004 109034
584341 185221
91993 106311
6823 185099
493380 113827
567468 184554
389076 27030
29912 183309
374137 22384
499396 150404
335447 8050
90787 120302
194752 33657
334886 10401
493311 113029
88016 138430
492656 102783
553271 183097
502254 161153
499454 150644
86884 144027
466643 66888
73599 173838
500399 154416
565999 184442
72906 174051
542361 181409
495848 133071
8007 185060
303131 43449
558777 183762
92387 95062
545500 181946
498390 146075
176273 39474
78784 172182
80485 168140
509813 173397
536692 180337
495049 128003
92406 93485
86581 145421
82816 160363
89955 126772
571923 184837
582087 185193
89287 131190
11903 184892
493967 119671
555693 183401
91823 108961
373437 10988
84516 154071
497807 143393
91169 116763
86235 146967
78355 172323
542052 181354
581101 185176
90832 119909
545714 181981
90133 125492
73356 173913
81999 163186
80634 167667
261539 1578
78918 172127
511649 173968
69730 175001
57300 178313
506423 172302
493466 114779
83320 158560
78129 172397
493300 112899
529144 178696
153637 71168
25334 183839
92339 97660
80337 168607
494939 127248
514196 174736
568147 184603
115172 66220
386505 53592
89539 129586
72991 174025
15180 184704
92317 98562
494562 124519
92370 96167
495629 131747
511172 173821
22681 184106
945 185216
496922 139014
65044 176326
498611 147055
85865 148572
174436 63717
85599 149699
565428 184396
38433 182091
60220 177594
89122 132206
85482 150188
80008 169635
84781 153033
561237 184018
71804 174374
550391 182700
91247 115973
494962 127407
50043 179945
569882 184719
84935 152424
505382 171369
119670 20544
562925 184179
91860 108470
503564 165552
39466 181923
497320 141036
88524 135682
29256 183390
14944 184719
539430 180871
87999 138519
91366 114714
502010 160363
577907 185096
83296 158647
513886 174644
502614 162461
576819 185060
91052 117901
494519 124148
503614 165804
505296 171107
92245 100877
566600 184489
528828 178622
92351 97117
498629 147134
494170 121417
495643 131833
49648 180025
88462 136027
535336 180060
86902 143943
577562 185085
88090 138040
539052 180799
296099 30668
539120 180812
88807 134072
236283 1492
87524 140947
500961 156516
81071 166263
497876 143718
494981 127538
74924 173425
54242 179028
79530 171107
512921 174355
501076 156982
313125 42191
536603 180319
517096 175578
493517 115325
504369 168140
52385 179443
68420 175381
80280 168786
495881 133266
90264 124519
92373 95993
52467 179425
16679 184603
44042 181124
86279 146742
561156 184010
525501 177819
28133 183525
85154 151538
92032 105609
85025 152049
501223 157526
561420 184036
172260 30389
521876 176888
60778 177452
501051 156889
498023 144403
65649 176160
493269 112528
92401 93935
25996 183762
558030 183679
577470 185082
83231 158882
502973 163679
92378 95683
92315 98638
496529 136931
65500 176201
502330 161483
91763 109869
74854 173447
72216 174261
91355 114833
492479 97302
493170 111297
501158 157286
519962 176375
498552 146795
495203 129035
511561 173941
498159 145029
508618 173018
92379 95618
564271 184299
64169 176563
46258 180706
85110 151664
493243 112211
85562 149854
78629 172233
87781 139648
61661 177225
87543 140853
492602 101427
10155 184975
493236 112125
583531 185212
88206 137422
558501 183728
496033 134153
81197 165853
87146 142789
514939 174955
551979 182923
502042 160476
324363 24939
79836 170146
498214 145280
492972 108561
529699 178825
23851 183992
493360 113599
92385 95207
70461 174786
499493 150805
549950 182636
36590 182380
529307 178734
559738 183865
495526 131109
69757 174972
493025 109336
92303 99073
495349 129987
519919 176350
520043 176397
498309 145711
16594 184609
582154 185194
385545 55294
92393 94603
546699 182140
508150 172868
117134 3534
492678 103284
31305 183126
557259 183591
91944 107143
492535 99474
494972 127476
86055 147754
38236 182113
58214 178092
498004 144315
12589 184854
498422 146218
533440 179660
89810 127778
89352 130783
82068 162952
74717 173490
60291 177576
513708 174591
504192 167667
505242 170942
67176 175729
581956 185191
492946 108164
559398 183829
89644 128896
494789 126188
133854 66309
134061 932
493210 111803
89988 126538
58725 177967
79865 170078
43726 181182
511470 173913
34663 182667
90882 119458
580711 185168
493960 119609
493706 117245
519870 176350
92133 103613
91816 109121
92158 103059
88047 138267
87473 141199
496604 137336
88268 137088
69887 174955
515562 175137
79843 170146
80384 168459
91322 115187
92184 102453
85216 151285
548151 182367
27096 183645
493175 111361
154354 40958
496302 135682
23518 184025
502183 160972
49170 180126
155787 15431
497125 140031
554043 183198
499858 152231
554136 183210
48936 180174
549143 182517
79510 171168
89486 129929
3180 185186
548053 182352
425716 4370
503515 165411
278098 49693
91977 106589
66418 175947
84190 155326
84061 155816
85828 148730
500806 155971
558181 183696
89669 128730
492638 102357
492984 108740
533612 179697
12498 184861
78236 172362
569245 184678
493541 115578
91875 108241
494859 126687
478175 30872
41806 181525
548367 182400
500376 154327
40329 181779
90251 124617
510438 173593
527057 178200
536366 180271
519177 176160
501890 159938
566983 184518
573624 184927
89068 132534
30999 183170
496230 135278
92203 101916
1869 185205
87101 143004
84143 155505
92225 101427
499798 152049
14412 184752
514294 174765
61514 177263
495363 130077
492551 99984
72739 174102
563374 184220
554819 183297
546306 182077
508521 172987
87132 142856
563744 184253
517467 175683
87444 141342
502954 163615
493943 119458
506407 172302
583116 185207
84336 154767
538569 180706
33796 182791
92347 97302
492936 107993
44118 181110
556465 183498
296867 41408
498140 144942
16778 184596
494189 121575
21161 184246
494649 125168
581706 185187
559492 183839
520172 176432
187692 31486
112830 35352
30690 183210
538568 180706
545561 181956
518916 176088
385709 38335
62027 177130
492887 107225
90345 123904
499658 151481
87266 142211
494276 122289
538222 180639
80780 167201
120406 38877
49097 180141
576002 185030
326243 17740
113788 32249
508063 172840
91622 111728
89928 126963
92309 98860
23589 184018
494196 121633
67005 175776
77404 172633
568605 184635
92412 92912
80698 167463
500457 154640
500534 154936
89587 129272
547255 182228
584698 185224
499470 150644
498642 147191
43855 181158
563960 184272
513802 174619
501181 157371
91481 113426
48040 180356
505512 171764
413753 54448
88107 137950
559987 183891
504017 167108
36459 182400
91520 112970
81332 165411
87408 141519
45301 180889
90239 124707
46835 180594
27877 183555
88434 136182
87328 141910
563080 184186
505431 171518
525165 177723
493922 119271
503974 166970
70139 174881
66801 175840
86921 143854
497145 140158
91425 114064
495548 131246
538625 180717
13107 184828
572923 184892
493332 113275
526690 178111
73906 173743
47014 180559
575391 185005
87419 141465
546919 182175
91939 107225
90541 122362
3059 185188
43463 181230
492849 106589
48562 180244
11805 184897
77718 172531
9447 185005
570595 184763
535188 180025
495860 133142
86766 144574
501752 159446
499326 150113
546530 182113
509902 173425
512399 174197
528024 178432
583704 185214
90005 126417
494542 124368
460251 60753
498998 148730
539525 180889
92337 97747
548459 182414
493110 110509
92299 99210
56342 178541
506471 172323
28911 183432
505055 170368
506270 172257
492440 95135
79224 172037
497979 144199
17125 184571
512090 174102
80309 168695
89415 130384
582802 185203
92168 102783
26049 183762
81923 163443
92377 95747
92371 96110
581416 185182
555277 183354
493386 113895
426088 32606
494268 122224
61746 177203
536123 180221
503108 164132
555472 183378
90630 121633
63617 176711
92162 102968
497109 139975
85463 150267
494821 126417
496241 135340
92355 96928
83134 159231
497781 143270
86360 146414
123243 26796
25088 183865
78294 172343
6563 185107
29166 183401
75646 173197
557915 183666
367104 1143
92386 95135
44356 181066
5189 185144
92067 104949
499248 149787
274729 22885
582651 185201
92319 98485
81636 164406
91311 115272
496950 139159
63774 176669
497014 139489
492500 98167
5354 185140
371875 49465
89147 132023
492557 100169
494513 124148
91583 112211
90012 126367
544320 181749
83750 156982
50498 179843
3922 185172
358239 46195
14753 184731
562145 184106
496680 137743
88671 134853
496344 135916
261471 14061
3572 185179
147857 36561
80454 168238
552686 183019
492419 93392
561308 184025
495616 131667
517886 175801
92372 96052
584247 185220
44183 181098
556006 183443
35434 182554
24344 183942
91705 110656
497111 139975
27175 183636
79690 170617
583279 185209
515507 175121
86163 147283
80930 166719
82801 160416
492485 97572
90427 123269
77893 172474
494380 123120
63241 176811
571469 184814
91575 112309
90367 123735
199722 7023
91399 114354
504165 167581
89854 127476
499588 151195
538786 180748
503923 166806
60145 177613
19139 184417
570170 184737
492515 98787
88076 138114
529492 178777
492902 107469
493512 115272
71958 174339
79467 171299
59805 177699
499264 149854
502157 160881
16001 184650
83793 156822
87165 142698
30244 183267
7264 185085
494151 121258
32140 183019
535978 180192
322605 16230
32586 182958
90656 121417
553958 183187
83487 157952
89436 130250
84268 155028
85088 151806
495039 127935
529972 178888
52993 179309
498128 144887
11264 184924
565588 184409
21014 184259
84094 155691
506532 172343
85168 151481
82017 163125
566278 184464
68559 175341
91604 111952
69085 175189
500310 154071
541890 181325
534369 179858
542209 181382
90206 124953
76822 172821
92381 95485
500558 155028
81448 165029
542299 181398
529393 178754
12573 184857
504744 169405
545196 181896
71406 174505
177977 52571
306255 12919
503848 166564
17602 184536
498833 148022
25183 183855
39406 181923
85123 151664
542536 181440
84369 154640
564213 184294
497466 141749
61324 177312
69178 175162
492529 99277
80429 168317
82936 159938
540784 181124
82894 160087
82159 162642
28302 183505
500111 153293
91950 107044
505484 171679
56566 178488
575550 185012
12136 184880
512228 174145
556949 183555
12629 184854
501121 157149
91042 117996
13776 184790
7598 185074
67663 175597
87839 139350
92321 98407
27489 183600
78181 172380
569803 184714
514514 174830
495921 133501
498862 148147
90520 122532
83815 156740
92413 92813
18827 184442
578165 185104
92036 105535
503896 166719
88596 135278
497937 143943
81806 163837
495063 128098
503671 165990
212327 19439
547652 182290
498814 147940
82376 161898
284675 28304
518487 175969
75425 173267
86661 145029
540158 181008
494681 125404
546434 182091
86184 147191
496103 134556
501838 159753
565687 184417
495072 128159
129036 43203
492596 101266
502638 162543
503065 163988
48652 180232
250655 51581
492584 100962
266815 2906
500879 156246
91972 106675
92140 103461
560639 183958
530769 179070
492961 108394
524760 177633
561967 184089
551530 182861
51664 179600
503425 165184
569078 184667
492920 107757
553022 183064
363470 34075
45617 180829
9806 184990
493079 110089
91557 112528
499017 148811
493306 112970
573159 184904
572328 184861
568388 184618
92020 105829
500858 156167
41079 181651
504799 169576
501024 156740
87344 141832
534015 179783
91526 112899
574671 184975
91616 111803
15086 184710
528556 178558
576292 185041
60868 177429
92343 97483
493352 113507
549480 182567
499439 150582
266266 14631
498698 147436
5272 185142
89083 132443
432811 38219
555816 183420
6329 185114
492436 94837
37116 182299
80590 167737
78572 172233
496968 139252
30600 183219
21966 184173
581646 185186
542765 181471
373390 58698
493262 112443
502827 163186
496128 134699
512320 174173
129368 43995
226639 18754
524291 177514
299343 331
165937 12901
492489 97747
448975 14029
494838 126538
51386 179660
579892 185150
499060 148994
493721 117391
493608 116270
514365 174786
492664 102968
515810 175209
492421 93577
67125 175749
91054 117815
52667 179381
82591 161153
86698 144887
541370 181230
501313 157857
176367 25386
92146 103284
13707 184794
551451 182850
88793 134153
576593 185052
25268 183846
89837 127593
13862 184785
84959 152328
574026 184946
494523 124224
492461 96437
91811 109193
555010 183321
561369 184031
552835 183039
28762 183450
90949 118862
114818 17399
505787 172098
492763 105026
557424 183610
471283 34966
59236 177841
79949 169818
289012 563
132484 50199
576212 185038
493952 119538
70802 174685
571119 184794
91958 106911
540551 181081
91981 106520
90048 126109
88698 134699
546856 182165
550578 182727
90692 121115
79567 170994
520899 176628
2322 185199
569169 184673
498466 146414
520353 176481
500096 153234
503519 165493
520817 176606
492966 108470
516853 175509
55592 178717
250832 21150
560876 183982
74218 173646
11667 184904
411056 325
496257 135430
494492 123988
479656 72736
492671 103127
578362 185110
493861 118715
495436 130543
92010 106010
71593 174449
31399 183116
91212 116331
82496 161483
194563 17635
17351 184554
492442 95278
34150 182741
503398 165095
88417 136276
76511 172921
492716 104077
484521 62717
501362 158036
83183 159055
492540 99636
88285 136996
493852 118632
60684 177476
91698 110749
14656 184737
517552 175707
88905 133501
87920 138931
11202 184927
82093 162867
57678 178222
392812 65012
493666 116852
225980 36308
365939 10477
558832 183768
492457 96223
83074 159446
90374 123681
508368 172938
82308 162132
501932 160087
552316 182969
500620 155265
492493 97918
517163 175597
500636 155326
16466 184618
493230 112051
90893 119369
67451 175657
31991 183039
91408 114187
495806 132822
40453 181758
65358 176240
546768 182151
83619 157467
492426 94022
495411 130384
549237 182531
526612 178092
2974 185189
2604 185195
30922 183180
45084 180930
73177 173968
579637 185144
421000 67662
500657 155406
533025 179566
19335 184396
351450 47548
503801 166412
76676 172868
493412 114187
454223 24930
92264 100321
502358 161580
4115 185168
45755 180799
5900 185126
64125 176563
526354 178029
6260 185116
495821 132911
510176 173511
497942 144027
503300 164771
43857 181158
494429 123503
499547 151027
90685 121174
548309 182391
504598 168949
45227 180903
500490 154767
493445 114551
544138 181718
13568 184802
579154 185132
103065 13629
349308 7642
91061 117815
83388 158313
497353 141199
62215 177081
544912 181849
498663 147283
54540 178960
68068 175482
13357 184814
504372 168238
91640 111501
573375 184913
522458 177041
577812 185093
75973 173093
1209 185213
91414 114187
25002 183874
518193 175887
495259 129403
90531 122443
2100 185202
498196 145198
564516 184320
35190 182590
59151 177862
492837 106381
402742 34874
571328 184806
198067 67333
92392 94682
500210 153681
522249 176982
492598 101347
91360 114779
4759 185154
398793 45916
501097 157060
496709 137897
52898 179330
41657 181551
80150 169193
86667 145029
548236 182380
92087 104559
500732 155691
567550 184560
492454 96052
70630 174736
578429 185112
493050 109689
495704 132206
564823 184346
374551 36374
40688 181718
506841 172444
44743 180994
3675 185177
504214 167737
49789 179998
88931 133319
575874 185025
84794 152958
495105 128328
504621 169021
90484 122820
56490 178506
89423 130333
523958 177429
536071 180211
507191 172558
4489 185160
62809 176907
500273 153927
547096 182203
443678 35855
494810 126274
92044 105386
493043 109591
501692 159231
524240 177501
87986 138587
90749 120630
8064 185058
495085 128247
493471 114833
492778 105311
71503 174476
61098 177366
494261 122167
215535 56471
61188 177347
547389 182249
54854 178888
40916 181679
493586 116045
493436 114453
64956 176350
58851 177936
493319 113123
581020 185174
495340 129929
67973 175509
92199 102089
502235 161153
87968 138681
81260 165647
499687 151599
492704 103848
521052 176669
502279 161306
527451 178295
92212 101765
54321 179010
546046 182035
78705 172208
498792 147845
92258 100500
312213 1314
89655 128823
89525 129677
90842 119821
90619 121724
23761 184001
296879 22406
63003 176874
81853 163679
35122 182600
91676 111039
92058 105122
18407 184475
59070 177882
29411 183371
79130 172068
244178 39834
92360 96637
493928 119271
571050 184790
495835 132994
516941 175534
578707 185120
553120 183077
42071 181471
90303 124224
34876 182636
53929 179099
91918 107566
92217 101637
82530 161306
518817 176044
12943 184837
80809 167108
495593 131525
503442 165240
515332 175070
575707 185015
494951 127331
11346 184920
582957 185205
11568 184909
505571 171943
3624 185178
92384 95278
535167 180025
91171 116664
26858 183672
89133 132139
493394 113974
521736 176851
87019 143393
71694 174396
29630 183344
565836 184429
580904 185172
80755 167281
492612 101714
87201 142525
89887 127248
85745 149083
502518 162132
53083 179289
92280 99827
492747 104716
21640 184203
535729 180141
573940 184942
82349 161991
81428 165095
61421 177287
492537 99539
574856 184983
91160 116852
543083 181536
77005 172762
61827 177182
54154 179048
79529 171107
537812 180559
557730 183645
581545 185184
180550 57821
26796 183679
92125 103763
9202 185015
77478 172609
27596 183580
92402 93847
494285 122362
576677 185055
91129 117157
381814 21684
329150 33055
91998 106223
89143 132078
293991 19227
92275 99984
4304 185164
92408 93298
55258 178790
6397 185112
89623 129035
18764 184447
102608 55735
32404 182977
500683 155505
91086 117575
92231 101266
89636 128949
90357 123812
527526 178313
79628 170798
248222 22912
497993 144264
518584 175996
492525 99142
254726 55029
569646 184704
578036 185099
494134 121115
525675 177862
494029 120215
62950 176888
84534 154001
494500 124049
88473 135966
50191 179914
543747 181651
507683 172710
132199 54063
580246 185158
170673 10116
92228 101347
28512 183480
510259 173537
3824 185174
88498 135827
427517 2673
46118 180733
502809 163125
533375 179646
496662 137647
92101 104220
68493 175360
76458 172938
92361 96637
526477 178051
32774 182933
89967 126687
80903 166806
499151 149379
63158 176833
89763 128098
496987 139350
3297 185184
91894 107899
42774 181354
506645 172380
494871 126772
492463 96538
85259 151109
9374 185008
492802 105756
66069 176044
538885 180767
87746 139827
493758 117748
65747 176133
566342 184469
516267 175341
89463 130077
32978 182905
526834 178146
504908 169914
25819 183787
402485 33966
83413 158222
537547 180507
86847 144199
63354 176781
91145 117000
317591 23535
82844 160264
74067 173693
92329 98085
34591 182677
548989 182494
543580 181620
485 185221
492562 100321
582726 185202
572197 184854
52216 179480
583792 185215
81561 164655
539811 180943
83875 156516
479414 46805
106850 21006
519246 176179
511724 173991
497825 143478
91223 116219
81008 166467
494706 125587
28445 183488
500187 153591
501242 157596
68144 175456
494084 120690
51130 179715
44275 181081
92363 96538
89823 127689
66152 176021
89390 130543
36518 182391
54057 179070
462550 29118
537167 180432
82643 160972
50966 179750
531145 179155
551009 182780
26010 183762
493740 117575
18548 184464
32866 182916
563575 184238
566692 184496
90879 119458
355126 40332
537334 180465
8316 185049
426665 25532
306161 28618
35226 182576
523638 177347
90326 124049
91346 114930
497924 143943
179414 27092
371904 4601
519468 176240
494611 124886
497174 140305
33159 182880
402507 57975
492700 103763
88541 135587
528645 178579
58288 178072
538480 180689
61114 177366
579806 185148
557818 183655
504341 168140
90667 121325
548308 182391
30910 183180
549392 182554
536297 180257
7921 185063
511786 174010
38296 182113
58062 178129
492759 104949
91016 118241
493419 114265
545972 182023
47750 180414
541673 181286
492458 96278
533065 179579
91533 112816
532697 179499
541363 181230
91827 108961
520113 176416
501595 158882
493956 119538
500414 154474
498933 148405
61603 177240
53681 179155
254473 18413
92376 95810
81817 163753
81307 165493
339623 28166
493488 115016
81542 164718
20157 184333
493768 117815
45868 180781
22724 184098
127702 71115
88878 133659
494670 125323
495830 132911
502572 162307
108395 27672
85540 149946
55209 178806
512772 174310
86455 145990
514878 174933
16308 184629
23950 183982
90722 120861
7687 185071
492978 108651
494734 125791
415363 61824
97366 2170
84317 154840
497954 144027
91549 112625
34435 182700
76305 172987
528484 178541
369583 3771
502061 160543
575925 185027
495890 133319
91269 115745
493674 116931
70866 174666
92272 100077
477205 27684
568678 184640
90496 122725
449252 6972
497105 139924
89729 128328
543020 181525
526900 178162
85193 151379
502258 161233
92278 99890
494912 127061
494705 125492
8453 185044
18688 184453
522523 177058
497579 142303
91152 116931
91112 117323
32355 182990
561759 184069
70532 174765
71842 174374
56974 178391
196781 2965
88627 135103
580429 185162
92015 105920
502315 161431
395547 34692
499303 150017
58296 178072
512087 174102
504652 169118
501033 156822
18934 184429
91341 114930
56096 178599
46040 180748
89497 129858
508234 172895
578497 185114
497156 140158
518757 176044
497428 141568
46439 180671
69016 175209
579232 185134
482253 37462
541723 181295
68767 175281
79489 171232
39393 181935
50580 179832
36136 182449
65139 176300
495122 128496
492993 108873
494746 125878
152320 52541
86092 147593
558640 183747
474744 5376
492642 102453
516573 175429
87030 143341
219222 8160
228251 32726
492951 108241
53463 179204
501530 158647
87636 140386
501754 159446
87361 141749
84616 153681
42205 181455
533785 179734
66004 176062
499633 151379
544817 181833
92041 105442
495948 133659
21307 184233
492424 93847
504282 167953
501670 159152
492416 93107
80410 168377
40009 181833
495499 130940
62123 177105
540470 181066
764 185218
526260 178006
88936 133319
566890 184511
498849 148091
554914 183309
495145 128650
557095 183572
534850 179959
535114 180014
556778 183535
543654 181635
545033 181865
427331 5269
504071 167281
496004 133985
495225 129180
500985 156643
89864 127407
47846 180395
533504 179660
89338 130871
567063 184524
552545 183000
87144 142789
90742 120690
500253 153849
6119 185120
92220 101559
500555 154936
74650 173511
81641 164316
89978 126609
482597 48449
485527 51996
493810 118241
492697 103699
90226 124804
507725 172731
91120 117245
504489 168607
37285 182264
73265 173941
500327 154137
193307 230
496199 135103
564364 184307
492828 106223
91564 112443
557968 183672
15572 184678
66940 175801
420958 64032
550101 182658
363179 17012
552753 183028
54378 178997
31411 183116
83249 158817
541957 181337
90577 122069
47162 180530
562709 184159
12404 184866
92253 100647
89694 128563
81526 164771
562623 184151
276462 25110
499098 149155
497447 141661
493595 116127
509262 173223
88195 137481
371923 21362
19630 184377
42290 181440
503378 165029
91420 114120
90334 123988
566509 184482
4847 185152
492491 97833
71242 174554
231093 58916
49976 179959
497368 141273
91293 115494
86688 144887
91651 111361
69648 175025
88327 136768
525408 177796
492554 100077
578926 185126
547001 182188
89945 126772
48460 180271
90284 124368
90417 123269
524048 177452
555915 183432
85372 150644
89875 127331
492782 105386
539689 180920
498720 147532
55682 178696
292678 36053
581767 185188
534161 179814
403982 64512
574926 184986
507821 172762
37174 182290
498500 146565
578852 185124
499916 152523
272465 40955
502684 162700
75709 173177
92176 102619
22959 184077
91754 109993
483813 26652
501618 158965
24510 183925
49659 180025
91906 107757
493256 112370
89264 131333
497796 143341
495674 132023
420913 60580
520579 176542
83464 158036
36083 182457
855 185217
494441 123596
496319 135749
493714 117323
279908 4711
91869 108333
495604 131593
35285 182576
238705 34293
90037 126188
493961 119609
90187 125094
493057 109786
66565 175906
554676 183276
84169 155406
493793 118081
492845 106520
492715 104077
23406 184036
82257 162307
269855 34139
539372 180860
84639 153591
79600 170893
65409 176226
89754 128159
499891 152424
90982 118558
329798 20755
10404 184964
521585 176811
515969 175255
92407 93392
496072 134378
91309 115325
86419 146151
521209 176711
73040 174010
546605 182125
498734 147593
7746 185069
91316 115187
71175 174574
559007 183787
494011 120058
566419 184475
85387 150582
492453 95993
91205 116402
86803 144403
568232 184609
493192 111577
82616 161066
57375 178295
296908 45857
92369 96223
91232 116127
91842 108740
139595 7739
493345 113426
573876 184939
530203 178941
551165 182810
532830 179528
76763 172840
90515 122532
79926 169818
509594 173328
123290 37373
92307 98932
507348 172609
85006 152138
496353 135966
560975 183992
63568 176711
492423 93758
494295 122443
492433 94603
22932 184082
497132 140092
495758 132534
563665 184246
84746 153171
92151 103217
522039 176931
505457 171597
9900 184986
462183 32366
420355 63071
503134 164219
559824 183874
500254 153849
23232 184053
513584 174554
492517 98860
11407 184917
492756 104891
37520 182236
70373 174812
24935 183881
498020 144315
90866 119609
504442 168459
28226 183514
86568 145480
582021 185192
83818 156643
87858 139252
559239 183812
577749 185091
92396 94360
541540 181262
497661 142698
492511 98638
39914 181849
62368 177041
420010 74899
85869 148495
10246 184971
81471 164953
499417 150491
503629 165853
92404 93668
69962 174933
551030 182791
492505 98407
89071 132443
1464 185210
494306 122532
79444 171369
516333 175360
531488 179232
46201 180717
492649 102619
581254 185179
496719 137950
77635 172558
38780 182035
92202 102015
88556 135503
23160 184060
81872 163615
28604 183469
80205 169021
532610 179480
492722 104220
508784 173071
33554 182825
506590 172362
562061 184098
79285 171852
86686 144942
91285 115578
504983 170146
289051 33270
87299 142051
27650 183580
90853 119724
14098 184771
571883 184837
92398 94193
516406 175381
68618 175324
57041 178375
38613 182062
91537 112721
88384 136457
493143 110947
501011 156740
492897 107388
492690 103548
563186 184203
90313 124148
4397 185162
494723 125711
92286 99636
507660 172710
496558 137088
530584 179028
506121 172208
523790 177386
575723 185019
16877 184582
493197 111640
27341 183617
36864 182338
335519 56063
547710 182299
90999 118400
350325 10672
67196 175729
509180 173197
582504 185199
46753 180610
3354 185183
76136 173041
495507 130940
80027 169576
86273 146795
77265 172678
14148 184768
497680 142789
543359 181584
92166 102876
60358 177559
65910 176088
82772 160476
30868 183187
78951 172127
494926 127158
493844 118558
91989 106381
498569 146870
495316 129774
581829 185189
493911 119172
493895 118999
526101 177967
568360 184618
89327 130940
60954 177407
353495 13927
561666 184060
12888 184840
28820 183443
89152 132023
494039 120302
83048 159539
37045 182310
44523 181035
495539 131190
10950 184939
492686 103461
294 185223
541029 181169
535656 180126
88032 138346
494353 122907
92283 99732
533860 179750
91264 115797
555107 183333
92075 104794
502903 163443
540969 181158
492443 95348
8233 185052
53845 179118
92053 105217
526211 177994
38221 182125
4019 185170
85279 151027
57591 178243
92366 96385
36675 182367
535588 180112
91854 108561
493453 114638
92331 98002
485601 68683
499672 151538
524346 177528
492893 107323
568518 184629
500904 156340
45137 180920
49398 180079
236430 18859
91121 117157
532789 179511
520427 176501
511920 174051
517223 175614
80952 166648
516059 175281
494898 126963
510058 173474
552932 183052
92100 104301
528730 178599
494548 124368
79039 172098
492450 95810
497839 143544
84800 152958
42869 181337
499843 152231
91276 115672
565196 184377
64864 176375
68159 175456
492548 99890
498039 144477
84015 155971
496409 136276
41340 181606
504102 167380
86937 143779
504546 168786
2672 185194
17843 184518
16876 184589
72427 174197
539209 180829
494228 121897
503048 163931
90925 119081
53262 179249
24839 183891
495287 129586
497597 142390
531225 179173
54719 178919
493204 111728
503020 163837
492619 101841
273994 26870
532752 179511
17358 184554
56397 178528
89140 132078
296252 35589
502853 163274
2175 185201
92308 98860
496211 135103
91629 111640
74567 173537
509972 173447
558924 183778
83208 158965
498943 148495
22586 184115
320651 35962
60586 177501
497225 140563
84594 153767
540643 181098
561853 184077
492455 96110
581472 185183
493557 115745
493697 117157
522872 177149
530505 179010
86822 144315
32847 182923
497856 143624
89375 130638
91837 108814
522999 177182
92357 96832
496328 135827
492432 94523
54941 178868
494387 123175
572613 184876
555350 183363
91901 107836
505359 171299
48706 180221
571938 184840
492587 101046
582577 185200
492620 101916
521536 176798
19398 184396
492821 106099
559323 183821
515886 175231
90733 120767
502995 163753
307096 39227
91924 107469
43014 181311
91139 117059
512705 174284
91494 113275
1394 185210
21374 184227
492865 106844
58566 178006
162765 16265
17056 184576
33959 182768
583321 185209
3725 185176
34518 182688
505277 171049
81952 163345
502706 162775
226134 10740
581002 185174
39265 181956
492882 107143
12078 184883
33661 182810
57831 178185
55433 178754
517943 175817
85106 151733
575414 185005
561295 184018
87893 139071
497080 139827
75013 173397
494587 124707
47279 180507
570569 184757
496872 138754
82916 160009
84663 153497
92129 103699
91500 113205
86257 146870
495451 130638
88834 133892
84820 152879
576762 185058
467900 51279
90473 122907
557164 183580
492573 100647
496541 136996
493099 110334
82212 162461
503163 164316
514115 174712
53601 179173
525021 177699
552147 182946
559719 183855
21082 184253
92079 104716
87667 140229
31706 183077
500006 152879
68253 175429
537715 180540
522374 177019
511376 173884
60585 177501
63291 176781
64076 176588
508944 173122
159699 669
495935 133583
580067 185154
26458 183717
265402 35595
509499 173298
524930 177676
517797 175776
68340 175404
13410 184811
503218 164499
549779 182611
493090 110239
90439 123175
576455 185047
492908 107566
493800 118147
91694 110802
83922 156340
83156 159152
28048 183535
81491 164867
197 185224
88754 134378
91609 111890
551222 182818
80612 167737
493495 115091
504397 168317
55998 178622
564132 184287
81741 164055
27402 183610
556381 183488
47218 180519
576373 185044
389662 48905
503284 164718
202885 8198
499344 150188
76380 172963
530844 179087
69398 175098
540708 181110
23503 184025
88585 135340
525833 177901
500883 156246
492614 101765
72834 174073
579391 185138
514772 174906
280466 17176
503874 166648
510820 173693
574091 184949
19715 184370
70471 174765
551183 182810
88738 134470
493015 109193
45015 180943
39721 181881
21251 184238
91967 106760
81497 164867
91515 113029
492439 95062
130425 12863
501577 158817
48593 180244
493137 110868
495003 127689
82568 161233
494693 125492
218675 57571
75067 173380
82285 162211
542786 181484
492434 94682
538150 180625
554582 183267
493837 118493
499703 151664
91912 107662
577174 185071
497465 141749
7171 185088
512544 174241
83705 157149
39020 181996
577228 185074
534635 179914
532359 179425
90798 120154
494249 122069
82418 161753
492871 106961
28361 183498
502667 162642
91596 112051
492624 102015
84715 153293
43286 181262
552235 182958
528104 178451
540217 181019
151223 62180
492712 104015
504242 167826
81046 166344
278059 34783
51214 179697
492576 100734
91880 108164
548816 182468
79796 170291
493764 117748
14569 184742
499777 151964
92301 99142
553415 183116
2934 185190
87212 142472
92223 101480
498679 147353
34345 182713
250966 7446
57435 178276
59710 177723
577318 185077
495488 130871
196724 30782
559558 183846
91747 110089
57454 178276
84474 154234
499610 151285
72371 174214
80324 168607
44453 181048
492471 96928
16523 184614
79979 169725
500788 155903
27223 183628
230766 14287
77333 172656
435636 51247
584532 185223
301737 27816
88771 134280
497742 143085
534554 179897
15927 184655
91805 109279
323729 7743
507271 172584
39545 181910
493401 114064
29719 183333
578779 185122
10886 184942
517630 175729
497762 143180
87652 140305
90463 122986
492497 98085
513323 174476
159051 35235
85786 148909
497570 142211
527693 178353
68398 175381
50129 179927
495182 128896
85619 149615
88642 135018
567770 184576
554206 183219
128506 44308
503818 166467
568766 184646
85450 150321
90215 124886
92382 95417
32192 183012
35346 182567
92126 103763
85766 148994
91729 110334
87451 141273
125338 72945
492581 100877
582057 185192
500103 153234
37730 182203
408431 50573
563519 184233
494481 123904
496620 137422
197755 55956
492441 95207
92027 105701
3239 185185
584062 185218
492446 95552
81401 165184
536233 180244
500163 153497
492418 93298
5435 185138
17936 184511
517844 175776
31894 183052
560316 183925
497190 140386
350194 39841
498111 144809
526040 177952
163024 3001
90874 119538
89578 129331
17426 184549
87313 141983
92394 94523
232100 32419
14575 184742
494067 120544
501778 159539
80584 167826
86553 145548
574355 184961
573338 184913
411361 28456
65834 176109
493594 116127
540083 180994
505875 172127
83427 158171
22512 184122
497263 140754
84412 154474
505108 170531
497418 141519
84390 154559
575091 184993
92410 93107
391413 7371
19077 184422
92397 94277
529794 178847
302721 574
89777 128003
129583 21630
511835 174025
583617 185213
84688 153399
88512 135749
530981 179118
14330 184757
517375 175657
492437 94913
556222 183469
25680 183802
92352 97023
83603 157526
498330 145806
7077 185091
497000 139417
495301 129677
503537 165552
17180 184567
555535 183378
505081 170448
555660 183401
90778 120380
88610 135199
70054 174906
90942 118926
92104 104220
194985 54478
92375 95872
86833 144264
89884 127248
518822 176062
523080 177203
87601 140563
493984 119821
91704 110656
502430 161829
89704 128496
163444 31166
493884 118926
53405 179217
583881 185216
195244 30795
541612 181275
17339 184554
89362 130720
572253 184857
22694 184098
566138 184453
545806 181996
38712 182046
492499 98167
518261 175906
547865 182323
81100 166169
435274 69381
505960 172155
22459 184127
492816 106010
289316 18081
494551 124436
89788 127860
509322 173242
516758 175482
497337 141120
495995 133892
86075 147667
518100 175861
496906 138931
510991 173765
92195 102187
512610 174261
89554 129488
565514 184403
59983 177654
41172 181635
528260 178488
40899 181679
501863 159842
66726 175861
81718 164132
495405 130333
56722 178451
91486 113368
88297 136931
503366 164953
21452 184220
89741 128247
529885 178868
502786 163047
265069 8175
96535 76138
390 185222
553324 183104
314899 40600
549541 182576
91095 117488
63703 176688
496573 137169
58920 177919
252979 47954
87247 142303
504128 167463
502384 161670
92111 104077
88849 133828
504818 169635
345973 6078
36288 182426
91373 114638
444795 52792
562452 184135
495272 129488
283896 42070
494627 125005
535249 180042
174262 3433
92302 99073
83998 156054
574178 184953
37641 182217
527233 178222
101215 82337
104073 88722
493072 109993
425455 30393
92192 102260
83947 156246
88569 135430
19312 184403
493010 109121
60421 177543
573562 184924
18317 184482
195633 42165
542843 181494
78556 172257
2465 185197
529234 178717
540871 181140
80852 166970
25428 183829
496042 134205
90122 125492
514024 174685
522134 176956
499188 149535
91390 114453
87764 139735
90607 121823
493603 116219
493731 117488
492494 97918
92411 93010
558558 183738
88117 137897
238439 28127
510109 173490
493046 109591
493765 117815
89233 131525
87379 141661
27008 183655
6190 185118
553203 183088
85715 149210
365662 26036
79255 171943
55917 178641
500063 153104
44609 181019
500477 154717
81778 163931
69583 175044
86391 146276
544645 181804
573419 184917
537904 180577
80567 167880
492842 106468
74388 173593
23314 184045
571416 184811
85049 151964
492693 103613
512984 174374
499720 151733
92289 99539
44903 180959
284963 42498
91302 115399
579077 185130
87458 141273
27954 183546
398610 9408
496155 134853
71118 174591
58786 177952
580337 185160
543980 181691
6919 185096
18915 184435
494884 126864
492473 97023
499867 152328
562860 184173
541100 181182
492864 106844
554370 183240
14510 184746
18055 184502
82120 162775
520750 176588
503389 165029
497513 141983
554384 183240
80833 167031
571540 184818
538387 180671
24675 183908
89681 128650
512455 174214
502408 161753
546449 182100
551761 182893
496314 135749
20786 184279
91797 109336
20923 184267
567130 184529
505195 170798
497956 144027
89601 129180
4210 185166
12796 184845
45706 180812
508004 172821
527148 178222
479614 35211
496736 138040
499133 149303
75232 173328
83444 158109
62593 176982
560787 183973
558270 183706
555196 183344
518347 175930
558467 183728
20462 184307
20216 184328
569306 184682
492957 108333
59974 177654
502502 162077
579554 185142
538958 180781
532014 179349
496840 138587
2997 185189
510608 173646
51821 179566
537991 180594
90446 123120
449034 71899
30542 183229
542594 181440
547306 182236
534246 179832
504847 169725
504311 168045
572845 184888
92070 104891
2838 185191
21738 184194
83275 158723
546213 182062
497283 140853
498983 148666
76912 172792
494535 124315
553491 183126
494989 127593
87619 140472
493877 118862
495108 128402
47573 180449
565911 184435
508690 173041
90823 119988
380312 1474
584629 185224
79342 171679
537664 180530
87904 139014
494452 123681
54623 178941
577409 185080
514488 174812
493994 119909
556064 183450
492854 106675
92173 102713
549704 182600
78866 172155
86197 147134
88058 138209
495683 132078
495871 133207
88891 133583
41015 181662
91669 111130
493638 116574
537410 180480
79549 171049
12169 184876
493128 110749
492811 105920
91338 115016
89020 132822
86436 146075
85316 150875
89052 132631
504701 169271
505316 171168
329457 8979
533005 179566
250836 35541
64654 176432
91716 110509
90558 122224
493085 110171
4580 185158
497207 140472
494410 123355
85847 148572
494842 126538
46346 180689
582879 185204
513140 174421
572422 184866
496779 138267
561594 184053
537076 180414
20392 184313
437744 3942
290142 25740
143926 33407
57926 178162
69829 174972
582432 185198
493460 114714
494318 122629
567224 184536
500828 156054
61904 177162
81692 164219
557485 183617
507022 172503
72054 174310
495743 132443
496019 134072
91570 112370
555415 183371
496425 136364
309031 20674
34965 182623
85333 150805
582222 185195
75564 173223
82963 159842
375394 19732
551667 182880
9544 185001
547962 182338
493068 109938
85964 148147
493748 117652
90675 121258
277375 23415
493774 117901
502210 161066
575379 185005
253863 48559
82870 160172
51502 179635
505602 172037
482985 70440
493393 113974
50905 179763
5105 185146
85809 148811
566771 184502
84437 154327
44930 180959
88712 134619
86305 146658
302400 7120
492565 100411
559081 183795
492648 102548
33296 182861
576080 185033
492527 99210
562367 184127
576992 185066
562806 184168
496933 139071
506340 172280
500026 152958
91407 114265
492495 98002
498435 146276
92048 105311
507422 172633
89718 128402
29549 183354
90701 121039
26359 183728
90067 125972
89097 132358
284896 6564
86375 146325
501551 158723
112853 3388
89798 127860
2641 185194
493367 113679
24187 183958
296648 9172
58668 177981
67603 175614
30007 183297
531928 179330
492785 105442
47345 180494
560064 183899
507561 172678
82396 161829
499286 149946
45533 180845
496442 136457
108283 61849
492617 101841
91689 110868
48386 180286
492460 96385
38377 182100
542092 181354
329948 21801
87876 139159
40600 181733
92148 103284
302299 2498
60270 177576
543567 181620
7356 185082
82442 161670
32510 182969
523502 177312
82528 161372
493827 118400
92335 97833
4024 185168
536786 180356
492429 94277
89168 131925
360045 27864
539992 180977
496216 135199
499111 149210
91776 109689
32451 182977
90647 121492
495790 132727
408118 7596
88955 133207
24039 183973
494141 121174
88146 137743
513233 174449
87398 141568
84450 154327
583362 185210
492448 95683
85139 151599
492559 100230
494420 123433
503190 164406
86012 147940
71429 174476
45454 180860
85523 150017
52074 179511
81154 165990
90275 124436
370933 12951
558368 183717
85977 148091
209080 31840
84910 152523
452529 33721
52735 179366
83093 159378
376997 1551
527235 178243
496055 134280
498350 145896
29084 183411
91541 112721
83688 157212
19908 184354
433747 40031
276030 13164
504961 170078
564040 184279
541812 181311
3120 185187
51307 179677
31804 183064
25503 183821
79820 170217
91240 116045
492675 103217
552052 182933
492425 93935
562240 184115
535122 180014
144505 3462
92234 101184
81899 163524
494263 122167
63090 176851
497244 140659
228589 23371
18504 184464
91459 113679
6047 185122
408374 54900
525906 177919
492445 95485
79420 171442
567646 184567
493326 113205
16148 184640
494207 121724
2870 185191
91758 109938
536885 180376
307931 20911
497614 142472
492646 102548
81128 166078
45396 180871
492566 100411
570964 184785
42465 181409
526158 177981
559891 183881
266003 1181
17696 184529
492415 93010
551101 182801
84038 155903
40846 181691
500975 156587
35837 182494
1947 185204
524468 177559
91440 113895
86380 146325
550046 182650
506911 172444
497382 141342
531833 179309
534697 179927
82231 162396
494399 123269
426761 56252
74737 173474
248091 14612
142352 61826
43955 181140
568048 184596
579472 185140
498446 146325
35750 182507
67359 175683
87694 140092
499985 152796
554519 183259
87506 141036
495028 127860
498521 146658
81155 165990
512146 174120
505030 170291
358965 50607
24578 183918
493818 118316
292838 31767
228611 3576
565269 184383
88419 136182
498091 144717
84863 152709
31335 183126
572030 184845
517022 175557
389004 13345
563001 184186
575186 184997
574763 184979
81025 166412
495422 130454
493132 110802
492601 101427
81289 165552
13286 184818
497045 139648
16674 184603
89036 132727
493150 111039
85409 150491
88356 136610
551365 182838
22020 184168
30173 183276
523568 177329
65296 176257
492449 95747
492413 92813
545892 182010
560548 183942
89613 129101
530046 178905
508446 172963
10800 184946
58993 177901
520268 176458
86128 147436
541275 181214
88920 133413
539896 180959
90989 118493
492868 106911
17763 184524
87797 139566
520657 176563
173288 60448
492958 108333
80544 167953
39818 181865
80228 168949
504462 168522
503946 166880
273448 35207
84886 152618
1629 185208
398523 63446
544373 181758
91081 117575
502477 161991
59418 177796
483953 12759
68670 175309
401649 67619
502595 162396
493217 111890
527372 178276
496750 138114
501289 157769
519417 176226
4934 185150
483903 18205
495577 131426
52129 179499
492999 108961
492459 96332
497694 142856
495375 130154
492435 94760
492730 104381
504877 169818
510531 173622
493030 109407
560248 183918
502541 162211
37907 182175
497395 141406
92114 104015
88259 137088
510833 173716
495132 128563
493207 111728
90156 125323
492532 99376
510920 173743
30094 183286
15838 184661
509686 173357
2535 185196
492682 103373
33874 182780
175984 16964
79369 171597
54470 178976
499510 150875
20866 184272
86326 146565
492481 97393
43551 181214
494219 121823
90588 121979
21901 184179
493427 114354
581529 185184
113882 24774
80677 167530
90965 118715
493681 117000
92325 98248
493614 116331
91256 115880
544432 181768
51996 179528
79314 171764
551272 182825
580156 185156
565749 184422
528973 178656
80082 169405
499567 151109
305601 40871
84478 154137
505165 170706
79918 169914
496168 134927
13655 184797
35917 182482
86274 146795
92383 95348
568899 184655
564434 184313
121404 35394
500138 153399
91078 117652
550248 182677
33375 182850
8667 185036
1122 185214
80724 167380
485490 3277
523223 177240
87229 142390
264751 7955
498290 145625
83463 158036
73993 173716
530448 178997
45306 180871
91760 109869
496499 136768
576905 185063
495560 131246
571810 184833
82988 159753
39112 181981
360023 12912
575282 185001
91197 116483
534095 179800
492579 100820
83027 159614
511295 173859
493687 117059
35047 182611
496470 136610
54780 178905
48307 180302
91822 109034
503494 165411
84245 155116
37264 182276
5515 185136
530286 178960
12213 184876
493533 115494
524843 177654
91218 116270
468364 55338
88130 137828
92365 96437
83841 156643
523872 177407
400276 15105
51732 179579
57830 178185
73318 173913
92403 93758
64009 176606
542193 181369
569740 184710
92091 104480
143487 4881
512686 174284
47416 180480
492414 92912
79584 170942
51041 179734
496088 134470
37982 182151
40098 181818
5020 185148
11488 184913
493629 116483
10471 184961
502130 160786
34780 182650
269057 29567
492428 94193
493480 114930
72506 174173
492501 98248
156799 12175
580522 185164
520490 176518
47941 180376
82696 160786
505541 171852
494814 126367
514687 174881
86517 145711
92180 102548
177636 55094
493097 110334
546393 182091
520356 176481
502105 160698
8614 185038
80364 168522
501733 159378
64336 176518
87525 140853
510669 173665
495248 129331
517276 175629
29354 183378
45774 180799
502758 162952
556600 183514
91188 116574
58579 177994
449410 32179
109853 18269
92214 101714
551848 182905
63290 176798
508315 172921
16221 184635
62787 176931
14231 184763
56663 178465
46922 180577
47659 180432
91446 113827
89477 129987
83117 159292
504416 168377
496645 137556
498922 148405
495190 128949
92206 101916
193863 4425
492937 107993
83985 156103
92318 98485
492595 101266
515428 175098
88369 136539
501438 158313
498751 147667
92390 94837
73835 173765
556314 183480
90397 123503
492606 101559
13947 184780
515096 175001
535807 180157
32679 182946
41886 181511
88945 133266
55334 178777
84118 155600
434252 22667
552375 182977
79771 170368
492768 105122
89787 127935
501382 158109
493164 111220
519782 176326
63927 176628
499495 150805
71912 174339
91105 117391
499376 150321
5357 185138
503993 167031
528163 178465
2249 185200
503755 166263
498905 148332
20310 184320
27731 183572
84292 154936
541457 181247
494125 121039
577080 185069
556147 183460
502025 160416
533921 179763
80880 166880
498533 146658
578003 185099
504771 169489
295290 45478
90767 120475
13498 184806
493157 111130
492866 106844
498273 145548
515648 175162
567701 184571
572690 184880
495514 131034
560482 183942
555570 183390
92239 101046
117525 27501
38934 182010
72140 174284
551249 182818
534298 179843
547562 182276
500436 154559
91314 115272
497527 142051
89510 129774
492794 105609
91783 109591
522611 177081
505337 171232
88401 136364
88482 135916
278103 23544
10735 184949
389186 16002
88723 134556
75140 173357
499275 149854
538289 180652
547485 182264
91769 109786
569977 184725
494575 124617
553590 183139
92177 102619
5672 185132
90915 119172
43214 181275
502597 162396
81973 163274
85578 149787
92209 101841
549636 182590
259010 3924
531314 179193
492773 105217
183244 43270
265142 48804
65580 176179
521299 176735
73654 173821
84983 152231
87563 140754
15748 184667
504568 168855
492935 107993
494077 120630
91955 106961
30307 183259
577139 185071
76042 173071
536120 180221
71905 174355
92188 102357
545433 181935
90797 120215
492465 96637
515178 175025
92294 99376
60535 177514
84228 155181
579721 185146
510759 173693
544056 181704
89005 132911
513420 174505
89110 132279
85652 149476
469158 17079
581202 185178
91179 116664
160928 21219
15520 184682
577655 185088
500970 156587
506746 172413
522703 177105
533519 179677
129150 54116
503329 164867
500951 156516
85069 151883
499477 150739
32281 183000
303029 36415
6661 185104
495345 129929
504517 168695
507914 172792
549311 182542
499645 151428
18134 184496
22374 184135
376044 63465
576159 185036
91741 110171
90406 123433
24432 183933
91684 110868
8746 185033
527622 178336
88838 133892
492503 98328
534900 179959
522313 177003
90815 120058
82721 160698
89312 131034
85326 150805
35515 182542
503641 165853
83668 157286
494801 126274
497099 139924
86536 145625
69494 175070
5594 185134
526530 178072
492660 102876
80745 167281
533413 179646
537608 180519
42527 181398
521490 176781
79631 170798
493913 119172
520996 176654
7417 185080
269541 20477
531421 179217
81384 165240
76208 173018
34725 182658
49712 180014
92305 99003
532441 179443
497120 140031
9276 185012
5974 185124
570316 184746
80108 169324
312994 35175
90804 120154
495403 130333
464748 53947
84841 152796
85638 149535
333846 46884
92359 96735
495464 130720
79593 170893
6464 185110
101038 73480
545105 181881
83856 156587
396151 39397
522408 177019
388325 6134
86987 143544
75504 173242
40181 181804
12835 184840
531743 179289
494342 122820
518674 176021
498540 146742
92311 98787
24327 183942
498371 145990
81583 164582
146240 61402
81761 163988
496270 135503
417188 38065
92107 104159
529617 178806
115480 86107
522799 177130
12309 184871
492735 104480
492546 99827
548743 182457
542940 181511
495729 132358
501339 157952
544226 181733
19557 184383
538708 180733
18599 184460
41743 181536
356659 42660
74468 173568
493562 115797
182815 53762
499174 149476
396791 48787
492483 97483
38058 182151
92364 96488
53982 179087
494759 125972
504149 167530
574266 184957
14849 184725
514592 174853
499757 151883
92388 94988
572644 184876
89210 131667
495097 128328
504929 169979
516667 175456
31623 183088
464002 20526
496481 136670
83775 156889
496858 138681
87431 141406
80125 169271
492799 105701
530580 179010
494179 121492
497889 143779
495774 132631
91634 111577
492592 101184
473744 69363
577109 185069
34248 182727
503288 164718
91662 111220
58136 178111
90416 123355
92389 94913
525311 177772
85398 150491
502569 162307
85693 149303
492467 96735
493285 112721
571629 184823
584727 185225
567400 184549
495171 128823
18990 184429
181145 16687
81608 164499
89222 131593
540373 181048
521948 176907
17989 184507
543811 181662
84349 154717
540303 181035
87084 143085
92327 98167
49019 180157
580616 185166
531564 179249
497962 144120
580807 185170
499227 149699
583036 185206
550952 182780
12722 184849
511227 173838
30456 183240
80321 168607
499363 150267
91004 118316
569398 184688
83968 156167
251370 9096
20086 184339
437042 6791
531074 179139
90385 123596
532922 179548
157162 3904
507493 172656
81178 165915
493251 112309
522922 177162
53752 179139
46676 180625
20003 184346
82502 161431
88311 136855
73751 173791
360381 9951
92345 97393
87582 140659
78486 172280
63527 176735
535890 180174
90598 121897
26725 183687
11035 184935
26645 183696
565869 184429
81360 165319
90859 119671
11119 184931
38854 182023
492631 102187
513651 174574
86630 145198
544568 181791
499940 152618
84075 155763
89451 130154
8371 185047
67730 175578
552634 183012
24118 183965
520999 176654
510358 173568
92250 100734
32898 182916
85500 150113
91711 110576
498245 145421
550308 182688
5749 185130
15351 184693
570496 184757
89404 130454
81803 163837
85904 148405
47111 180540
90103 125711
501709 159292
492523 99073
83537 157769
102351 65362
31555 183097
495906 133413
503726 166169
158587 58878
77992 172413
200888 5020
493304 112899
37437 182249
532091 179366
91833 108873
71024 174619
90759 120544
90058 126037
86735 144717
358896 15046
496285 135587
561512 184045
50457 179858
244466 13643
494600 124804
86034 147845
573080 184900
494716 125660
536440 180286
553827 183170
8901 185027
42040 181484
560708 183965
498961 148572
59896 177676
87203 142472
496377 136099
1710 185207
18484 184469
495718 132279
80661 167581
46537 180652
544497 181779
204938 65598
64713 176416
565111 184370
91466 113599
7014 185093
51590 179616
498771 147754
16380 184624
55519 178734
493901 119081
207274 20097
91933 107323
41565 181567
542621 181455
493186 111501
18226 184489
492444 95417
89997 126474
17276 184560
80174 169118
91433 113974
87932 138853
581587 185185
539293 180845
500928 156430
496827 138519
75073 173357
493621 116402
92170 102783
87001 143478
542440 181423
87114 142942
495658 131925
495988 133892
504046 167201
570728 184771
1034 185215
32073 183028
40258 181791
565330 184388
87064 143180
36773 182352
526436 178029
10648 184953
573480 184920
573791 184935
492451 95872
496591 137266
55759 178678
404704 26289
6726 185102
493063 109869
492513 98713
38127 182140
90745 120630
92269 100169
42114 181471
497482 141832
492790 105535
534459 179877
492939 107993
88991 132994
498407 146151
494315 122532
495157 128730
30783 183198
578566 185116
564610 184328
564669 184333
85349 150739
509032 173150
73963 173716
315707 46028
566837 184507
91008 118316
87706 140031
43103 181295
66883 175817
25902 183778
91790 109492
82547 161306
83513 157857
89567 129403
536174 180232
421249 55207
37825 182188
92400 94022
73580 173838
92236 101129
551602 182871
492447 95618
558101 183687
90934 118999
86169 147191
518408 175947
87489 141120
18459 184469
500598 155181
92313 98713
495188 128896
494639 125094
553651 183147
50367 179877
71686 174421
9103 185019
91454 113736
82142 162700
91683 110947
55853 178656
62692 176956
574241 184953
557651 183636
565014 184362
573021 184897
499081 149083
73102 173991
59515 177772
48134 180337
532218 179394
69903 174933
496114 134619
528336 178506
39326 181946
50811 179783
28679 183460
85181 151428
533236 179616
514864 174933
90712 120946
504676 169193
83584 157596
80258 168855
567853 184582
509117 173177
82784 160476
85883 148495
19496 184388
307967 680
562314 184122
218058 28695
40770 181704
568988 184661
30838 183187
25745 183795
52558 179405
91590 112125
672 185219
90550 122289
63433 176760
502453 161898
522388 177019
73531 173859
56181 178579
92267 100230
359351 25075
566062 184447
92405 93577
494022 120154
492719 104159
497159 140229
82511 161431
521668 176833
15258 184699
493121 110656
64662 176416
89845 127538
519079 176133
88822 133985
8534 185041
505259 170994
496696 137828
564918 184354
495329 129858
52812 179349
484880 6372
492509 98562
547781 182310
52407 179425
511035 173765
88658 134927
292021 44405
560580 183952
556872 183546
557009 183562
497625 142525
90025 126274
570795 184775
501956 160172
504633 169021
14031 184775
61954 177149
503588 165719
85298 150949
86342 146494
48223 180319
34594 182677
509759 173380
526995 178185
8149 185055
92001 106170
546114 182046
257070 27363
485178 75295
513960 174666
87096 143004
91068 117748
548848 182468
77804 172503
501460 158393
10063 184979
36010 182468
487557 43687
523312 177263
492507 98485
90110 125660
527318 178263
500765 155816
522233 176982
158766 42284
567305 184542
3410 185182
92341 97572
86950 143718
62878 176907
13197 184823
525215 177748
498180 145125
33461 182838
500292 154001
492806 105829
497547 142148
533696 179715
492422 93668
493293 112816
86215 147055
493688 117059
493179 111412
568303 184614
530356 178976
492724 104220
320250 26275
495716 132279
9910 184983
70234 174853
493973 119724
90883 119458
533162 179600
492960 108333
501399 158171
44668 181008
494662 125264
583971 185217
58472 178029
72598 174145
91796 109407
555742 183411
497029 139566
263321 47446
492521 99003
83004 159696
501207 157467
493277 112625
503085 164055
84499 154137
575020 184990
83562 157677
67804 175557
524681 177613
492570 100559
575624 185015
91736 110239
572104 184849
542136 181369
20555 184299
30362 183252
51904 179548
542712 181471
492469 96832
178782 67959
494104 120861
7508 185077
20694 184287
563903 184267
492751 104794
492859 106760
500352 154234
89292 131109
536980 180395
69319 175121
530897 179099
84348 154717
87812 139489
31502 183104
9735 184993
492708 103932
80515 168045
357031 32265
29010 183420
62303 177058
31091 183158
560394 183933
37571 182228
493103 110415
64473 176481
492825 106170
427092 52800
563088 184194
579 185220
22765 184098
42690 181369
514997 174972
498484 146494
53177 179268
519530 176257
79897 169979
517701 175749
61258 177329
503466 165319
506933 172474
91801 109336
493892 118999
548690 182449
255178 21421
494363 122986
48755 180211
548604 182436
86147 147353
359868 22978
91331 115091
92374 95933
82744 160617
579001 185128
566227 184460
43369 181247
92247 100820
22203 184151
557337 183600
523712 177366
499738 151806
77101 172731
495213 129101
39210 181965
46604 180639
492543 99732
492430 94360
492940 108071
495977 133828
87279 142148
537481 180494
570414 184752
53338 179232
89278 131246
397495 60428
65223 176277
584436 185222
84730 153234
503698 166078
66242 175996
435712 56022
157393 21472
88866 133729
496631 137481
78403 172302
58382 178051
501264 157677
108665 1445
568825 184650
92297 99277
506197 172233
498591 146967
84206 155265
82765 160543
84553 153927
131074 18046
19238 184409
87681 140158
36961 182323
523165 177225
434504 3801
17521 184542
544728 181818
518025 175840
530672 179048
40506 181749
66633 175887
516486 175404
492475 97117
49335 180092
493550 115672
502874 163345
19812 184362
492739 104559
519326 176201
2024 185203
508350 172921
89249 131426
284695 6110
91891 107993
91929 107388
334025 14510
561842 184077
493579 115973
24762 183899
88164 137647
193036 44126
70711 174712
496145 134796
2739 185193
66479 175930
559146 183802
496768 138209
534783 179945
576510 185049
374658 18834
33224 182871
57992 178146
66339 175969
86864 144120
507108 172531
499040 148909
84020 155971
581361 185181
569475 184693
88449 136099
494048 120380
492427 94108
162195 28823
498073 144634
581151 185177
492431 94442
92118 103932
79745 170448
55512 178734
84701 153348
549121 182507
313106 28978
516208 175324
63830 176654
492456 96167
90940 118926
494829 126474
89914 127061
22278 184144
518992 176109
69264 175137
49885 179978
37341 182264
89376 130543
51451 179646
503648 165915
551270 182818
539546 180889
548538 182426
557581 183628
499528 150949
35683 182517
92136 103548
91647 111412
511992 174073
562548 184144
106378 76483
550481 182713
80055 169489
86286 146742
86404 146218
244669 13078
85993 148022
212153 63880
11746 184900
10314 184968
579979 185152
500708 155600
574356 184961
27567 183591
67637 175597
33725 182801
549499 182567
85238 151195
60066 177633
92368 96278
122248 37628
519687 176300
493372 113736
529548 178790
13016 184833
206488 59414
25994 183768
545616 181965
556524 183505
568446 184624
90565 122167
92391 94760
574512 184968
492653 102713
528429 178528
49577 180042
86476 145896
493115 110576
77166 172710
494238 121979
502733 162867
578263 185107
521123 176688
92185 102357
88235 137266
527852 178391
90454 123057
531363 179204
525756 177882
495562 131333
41392 181597
500125 153348
525116 177723
515243 175044
62452 177019
500581 155116
89197 131747
75327 173298
91507 113123
527940 178412
492609 101637
494330 122725
228391 37297
543434 181597
509401 173267
84971 152231
65051 176300
87826 139417
582291 185196
492568 100500
90164 125264
575798 185022
501643 159055
511075 173791
91656 111297
5825 185128
497905 143854
92367 96332
79718 170531
49490 180060
87185 142602
50731 179800
496891 138853
86753 144634
513057 174396
492726 104301
91984 106468
21150 184246
99 185225
57508 178263
49238 180112
581892 185190
104452 86894
82468 161580
497725 143004
64247 176542
74768 173474
25804 183787
574580 184971
92409 93203
533324 179635
43797 181169
1380 185211
574422 184964
8952 185025
543910 181679
499820 152138
545008 181865
333563 11040
551928 182916
480083 25210
500841 156103
495693 132139
35589 182531
70940 174644
50528 179843
85941 148246
181538 32508
90177 125168
450545 17809
75010 173397
31175 183147
475817 45257
376690 40853
537253 180449
492668 103059
563285 184212
289648 10297
86612 145280
561065 184001
86646 145125
9028 185022
495576 131333
85843 148666
397518 48034
494372 123057
493784 117996
492929 107899
67029 175776
492833 106311
492462 96488
89183 131833
505696 172068
493021 109279
53512 179193
494620 124953
85921 148332
8824 185030
64480 176458
563812 184259
48848 180192
497712 142942
545281 181910
92063 105026
453014 27808
493504 115187
58615 177994
56270 178558
530107 178919
521823 176874
554284 183229
492519 98932
493298 112816
550163 182667
493657 116763
492417 93203
10323 184964
16060 184646
205661 6921
82040 163047
87727 139924
572517 184871
495960 133729
559643 183855
294636 38924
15657 184673
45941 180767
506697 172397
88966 133142
2394 185198
503355 164953
92122 103848
88978 133071
535037 179998
23067 184069
21541 184212
72680 174120
550775 182755
519603 176277
2653 185194
90955 118807
15023 184714
50272 179897
90904 119271
73450 173884
500080 153171
254330 24219
567950 184589
494469 123812
426537 16558
4670 185156
524142 177476
84427 154416
492634 102260
493036 109492
578636 185118
91033 118081
124720 80163
499963 152709
498234 145371
29816 183321
31236 183139
86970 143624
493570 115880
68940 175231
578100 185102
541182 181197
554653 183276
492914 107662
503780 166344
44834 180977
502450 161898
581307 185180
23670 184010
62513 177003
79395 171518
57133 178353
42936 181325
493933 119369
57204 178336
569568 184699
496457 136539
86592 145371
40394 181768
498106 144717
13606 184797
92155 103127
67274 175707
494003 119988
91865 108394
27817 183562
498258 145480
493524 115399
1295 185212
298068 16944
581355 185180
32591 182958
539742 180930
82379 161829
2805 185192
571719 184828
571258 184802
493871 118807
501910 160009
526444 178051
64558 176458
71769 174396
85990 148022
84573 153849
573258 184909
91723 110415
137871 46435
38520 182077
36367 182414
571171 184797
497153 140158
525590 177841
492438 94988
78419 172302
26186 183747
535428 180079
85675 149379
90199 125005
505406 171442
24074 183965
337417 43944
501982 160264
15581 184678
86787 144477
497641 142602
67550 175629
90145 125404
245223 47180
487981 80636
535491 180092
357083 34338
85028 152049
492989 108814
532268 179405
548909 182482
151555 754
67885 175534
22117 184159
75882 173122
543169 181551
503243 164582
547185 182217
493406 114120
496515 136855
521472 176781
25587 183812
76592 172895
120595 19646
527785 178375
501799 159614
92395 94442
90637 121575
90120 125587
92353 97023
556693 183525
504718 169324
539599 180903
68857 175255
552471 182990
52312 179459
64783 176397
26268 183738
91026 118147
74295 173622
1547 185209
92399 94108
543486 181606
494778 126109
553904 183180
88784 134205
3465 185181
115878 86668
29476 183363
496184 135018
506042 172182
30620 183219
500045 153033
355986 10570
495390 130250
61036 177386
7834 185066
22859 184089
523405 177287
89942 126864
575452 185008
574617 184971
208822 23514
43644 181197
48529 180257
81663 164316
499486 150739
6312 185114
492452 95933
47492 180465
74157 173665
298094 3980
86496 145806
500751 155763
50154 179914
82188 162543
89300 131109
10560 184957
51761 179579
529067 178678
39630 181896
83347 158462
90508 122629
92014 105920
527753 178353
90291 124315
502927 163524
328501 50344
37970 182165
27662 183580
564740 184339
80631 167667
91381 114551
237010 46236
494459 123735
15428 184688
42617 181382
500232 153767
71319 174531
583197 185208
86715 144809
352679 53785
512868 174339
89900 127158
498060 144574
9970 184983
492420 93485
466617 55132
42386 181423
86106 147532
532159 179381
495239 129272
501506 158560
205403 24171
72282 174241
516156 175309
57769 178200
88181 137556
377641 3780
189830 42156
91474 113507
11981 184888
492742 104618
446103 24399
494114 120946
287871 37516
454381 53931
55278 178790
22991 184069
525975 177936
538073 180610
727 185218
85430 150404
497560 142211
59325 177819
526764 178129
497062 139735
85728 149155
494159 121325
91962 106844
501822 159696
78080 172413
92349 97210
92084 104618
41259 181620
583446 185211
496364 136027
56802 178432
498885 148246
496810 138430
493340 113368
508853 173093
513507 174531
505006 170217
521393 176760
55127 178825
206625 48735
70312 174830
92256 100559
572748 184883
92333 97918
502082 160617
494093 120767
484935 52647
91897 107899
502298 161372
80978 166564
88222 137336
26556 183706
534941 179978
80553 167880
499207 149615
495016 127778
9640 184997
75794 173150
554732 183286
497498 141910
493647 116664
188052 63668
204234 51866
570073 184731
503279 164655
77985 172444
81228 165719
84763 153104
88345 136670
361036 50807
81238 165719
91886 108071
