10000 10000 4000
6408 5011
7746 9166
9853 9322
6255 7685
8479 9425
7488 9055
7272 8355
7262 5047
248 7647
7055 6030
9110 7264
9026 6832
6599 5590
6194 6526
9749 9566
8424 9172
7457 7947
6310 7881
6778 6505
9938 8055
8661 9649
6634 8372
6920 6693
9877 7994
4060 8829
6349 7897
7510 5889
6488 6994
6985 8448
9022 6954
8375 6126
8218 6253
6188 8398
9799 6148
6738 9525
183 6815
7580 5853
7211 6079
8292 8722
6490 6493
6164 5823
9466 6013
8909 6256
6429 9124
1322 5658
7199 5335
9236 7007
9156 6885
7963 7638
9469 7295
6448 6990
9064 6226
9058 5492
9871 5045
8010 8076
9832 6669
9688 5456
8576 5765
4766 9258
5360 8668
9276 9327
7593 9898
9771 7729
9666 5629
6538 6056
7999 7494
6406 9808
7901 5857
8121 6833
9535 6935
9650 8132
7724 9842
8773 8244
8497 7948
8588 9620
6997 9723
7038 7500
9968 9212
8190 7096
9731 9812
6661 7355
7772 8738
8746 6183
6372 6586
7344 7349
9618 5969
9715 7153
8728 8444
8202 6768
9870 9243
1051 8565
6718 7331
9042 7153
8276 7168
9874 8145
8633 5979
3169 9582
9436 5165
9946 5209
9339 9519
7444 6667
9787 8537
7935 6498
8438 8456
9686 8385
8901 9814
9758 8100
9717 6836
8523 6063
7071 5976
7732 5931
6706 9237
7254 5625
8142 9665
9713 6032
8130 5567
6522 5127
8878 9975
9911 8107
7455 9486
9454 8025
9479 5283
7464 8056
9676 8424
7953 8045
6958 8314
6844 6342
7084 9637
292 8096
7292 9134
6403 9255
9976 9361
1120 7116
6621 6694
9330 6889
9104 5963
9010 9993
6300 5791
7440 8936
6370 9351
6765 7402
8622 7328
8856 7358
8215 9520
9065 7966
8100 7048
7583 6342
8112 6270
9278 9716
7604 6585
6957 6050
8903 8709
8137 9708
9183 5372
9445 5179
8254 5338
6666 9575
7545 8066
7475 6240
6897 5048
7473 9303
6042 7829
7673 6639
644 5160
7782 7487
6315 6509
8370 8798
7603 9150
7530 5991
6381 7228
8759 8637
1216 6677
8560 9359
2754 8395
9751 6044
8916 8006
5682 8123
6720 6570
9819 8654
9991 5253
8872 5202
8962 7059
8710 6649
7412 7232
7388 9365
8316 5838
4407 8622
6225 5932
6768 6946
7184 9461
6528 9901
9376 6869
7367 5841
8052 7322
8271 8891
9040 7473
8761 8384
7166 5038
7961 6294
7699 8319
9134 7365
9742 8096
9124 8984
7760 6489
6097 7643
9895 9228
952 8063
9920 8342
6922 9996
8946 6709
7453 8245
9144 9212
7702 5145
9406 6958
9777 8168
2327 9812
8874 6314
8232 8707
7108 8045
6601 7012
9196 8388
8453 5376
8095 8043
7827 7185
7579 5597
6140 8027
7523 6147
8395 9143
6963 7097
6921 8979
6929 5544
9086 6232
8680 6517
7881 5742
9798 5082
9312 6249
9792 6655
6173 7834
9286 7745
7694 5884
7573 6184
7633 9896
7645 8711
8179 5083
7677 9623
7171 9662
6485 5691
6916 6849
9539 7654
7208 8671
8968 8957
7385 8241
9622 6801
7376 5997
6939 7615
9552 5167
7252 9984
8209 8404
9908 7869
8279 9641
1730 7398
8555 9160
8318 9865
9634 8814
7120 8930
7754 7526
8024 5448
7136 8805
8788 9400
7938 5093
8846 6073
6977 6274
7952 6030
7543 9937
7072 5453
8885 8241
7140 5362
9639 7195
6865 6346
6770 7453
9290 7023
6246 7164
7029 5601
7586 5177
7449 9115
6491 9107
6273 7669
8288 8469
7261 8904
9763 9757
9304 8217
7214 6376
8388 5277
7829 6192
7737 9363
6478 5159
8022 6666
8287 9608
9457 8905
8458 5325
6145 8007
8385 5440
7354 7836
9830 6203
8107 7905
1518 7650
9293 8841
6250 7347
7619 8552
6183 5985
6546 6063
8830 7358
7676 6535
6212 6217
9388 9968
9280 6056
9944 9141
7283 8545
8035 6074
8826 5485
6510 5314
9487 5389
9580 8655
7556 9917
6398 6478
8403 6619
6244 6562
6329 8096
9336 8920
7749 5435
6810 5269
7575 8432
8864 9447
9473 5530
6245 5306
6494 6520
8270 6093
2136 8149
7429 8111
6353 8299
9942 5858
9289 5911
9008 7613
8036 8538
7426 5646
7934 6397
7639 7793
6822 6490
6367 8481
7353 7573
9507 8781
7275 7471
6325 6190
9518 5243
7569 6486
8596 9289
8705 9784
8208 7505
7571 7269
7255 8838
9313 9869
7614 7700
9930 6961
6665 6637
8243 5740
8855 7864
6166 7998
8708 5033
7244 7881
9190 8972
1034 7920
8275 9610
7190 5456
1907 7408
6455 8715
9646 7098
8720 7791
8073 7910
9801 6162
9073 6830
9366 7657
6254 8748
8205 9221
6195 8997
6207 6895
1234 5136
8870 9838
6505 5057
9896 9878
7332 7048
6568 5592
9509 6976
9532 7221
7764 5000
9587 9435
8487 6248
8379 8582
6812 5979
8467 8954
8559 8062
6354 7854
8039 7816
9520 5523
9990 9304
7144 6199
9142 5352
8045 5105
8280 7781
7362 9973
8485 9863
8230 5583
8913 5812
6220 9489
7818 7996
8038 8204
7167 6070
6910 7683
8429 9270
7608 9102
8612 9360
7430 8282
7816 8145
7243 8655
9679 6447
6819 6483
7750 7174
8655 9932
7905 7451
7490 7011
9253 5548
7215 8754
9633 8287
9322 5542
9426 7912
7946 7538
6955 8509
8858 9633
9467 9782
6729 6427
7844 6368
7493 7742
9394 9404
6365 6300
7119 8779
8086 7102
6779 7590
8195 7133
9285 8372
6823 8243
7745 9284
9719 9073
6454 7218
9115 9608
6260 9702
9667 5862
7965 8666
9641 5740
9937 8561
7531 9793
9337 5627
9037 5131
8361 7242
7056 9683
8709 6893
9704 7577
8837 5559
8092 7281
8677 6087
7333 5312
6950 7617
6746 7222
7360 8952
6701 5044
6482 5125
8236 9766
9401 9183
9111 8293
8055 9002
4911 9306
7074 7642
6861 8654
7023 5845
9175 9782
6966 8211
9407 6027
6973 9026
8630 7751
6587 9189
9847 9340
7378 7252
9527 5068
7611 5316
8810 7123
6421 6467
7731 8332
8480 7804
7565 8813
7286 7078
8365 9265
7158 5662
7318 9061
8730 7904
7477 5327
8824 9798
9959 6230
6757 6627
6594 6658
8356 8688
9180 7151
8979 6946
9848 5378
6178 5838
6818 8855
6658 7939
7819 9797
8123 7120
8762 7281
7098 8859
8161 9806
9978 7928
6860 7834
7451 9642
7222 5412
9616 8761
7458 8376
7259 7132
8349 7313
6240 7277
9791 5101
7118 7847
8902 7082
8891 8865
9424 5325
7789 5155
8835 9709
6357 7431
8449 5260
6512 5983
6548 7233
9052 6952
8494 5025
6516 7986
7558 8389
7202 8172
8804 8162
7062 7868
5714 5842
7554 5091
9855 6237
7425 7319
6472 8318
6231 7323
8398 6872
8257 8770
9613 7495
6294 8523
6498 5944
7631 5969
8623 9249
9934 8303
7150 6191
6930 6991
9721 8585
7284 9942
7773 9460
7625 6801
9761 7921
8535 5718
3963 7025
7188 6703
9827 7232
7544 9757
9098 5031
9730 6045
8840 5365
7017 8692
6969 7871
8071 6939
7042 5356
6663 8555
9753 7246
6511 5608
6716 9619
9383 8554
7966 7418
6438 7975
7049 7585
9836 7641
9367 9593
9797 9837
7563 9731
8739 8781
7016 5802
9074 6801
8212 8607
9769 9511
7684 8145
6222 6952
9287 9170
8367 8854
6635 8239
8466 9404
6177 5795
7428 7097
306 6243
7880 7867
9933 6537
8401 8374
8197 8420
6473 7941
8852 6005
7527 7655
8585 8857
8975 5807
8040 6990
4144 7537
9619 5459
9560 9846
6314 6595
9125 5246
8501 7312
9375 6573
8652 5368
7004 9768
9522 8328
9892 5448
7361 8643
8986 9369
8174 8209
6394 6003
6285 5822
8601 7609
9904 6075
9182 7590
9346 9596
9826 7334
8834 9461
7741 7297
9528 6448
6563 9387
7595 9966
7973 8223
9941 7114
9803 9296
8380 6506
9292 8809
6282 7827
7714 7315
8500 7847
8687 7383
9687 8071
8953 7885
8029 8582
9213 5852
7030 9358
7142 8072
8390 8625
8802 5320
7888 6427
9063 5123
8920 7145
7627 6089
6986 5342
9778 6768
8589 5398
8955 5499
7325 5096
6083 5388
8648 5574
9379 5921
7897 6531
8426 5618
7313 8599
8249 9485
7308 6554
6691 9911
8883 8345
6287 6838
9284 6521
8960 6804
6780 8794
8712 6492
7942 6884
9076 5850
6624 5991
9649 7436
9265 9794
7256 8585
9579 9399
6371 5832
6486 6223
8120 9544
8989 5139
8017 9391
8836 5717
8843 7292
9884 7460
6938 6109
9599 8774
6734 6837
8750 7023
7301 6045
6786 9913
9611 8713
7034 9122
9707 6500
6434 7514
6374 6050
7495 7949
8377 5426
9926 9829
9002 5061
6093 6183
8540 6796
6719 6236
6564 6624
8932 6898
8525 6790
7151 8455
9757 5234
6849 7100
6935 7408
7159 5434
9015 6706
8556 5359
9640 6477
6801 9856
7379 8668
7812 6325
8610 9376
9850 9371
8822 7145
7213 8585
6295 6016
8037 5232
6527 7277
7704 8776
6142 5076
9096 5606
8651 5408
8297 9422
8696 7727
6901 5345
6613 8743
8693 8474
7804 6066
9360 5142
8083 8725
9515 9415
3944 7427
8319 5517
7273 7273
4608 6934
7651 9414
8151 5619
8021 7668
7911 8728
9393 9469
6858 5695
9784 6629
6680 6827
9947 7488
7886 7843
8766 9047
7740 7203
8176 8879
6572 7545
7343 5187
1799 7367
6530 5349
8658 8409
9844 7542
9530 5685
7783 9671
8866 6035
8469 7189
6383 5343
7107 8144
9703 8629
7609 6054
7196 8976
9729 7101
8098 5520
7064 7419
6751 9744
6492 8028
8869 9994
8054 7656
9207 5168
9841 7500
9331 6264
8952 5477
8553 5252
9737 5020
9255 9954
6542 6743
7039 5027
7304 6479
7802 6111
8629 5536
9215 9732
6234 6019
8580 5893
6525 7053
6799 9212
7805 9456
8575 7723
9543 9323
9404 7386
8334 7156
8248 8847
6507 9186
8787 9977
8061 7186
7748 7233
9485 9524
7355 9487
7172 8857
9429 7074
7850 6108
6758 6373
6447 8553
7993 7364
6880 9606
6653 8870
8268 6617
8811 5162
7590 9184
6735 7795
9261 7867
6191 7302
9681 5218
9068 5795
9025 5020
9842 6184
8378 8538
9299 9793
9351 5967
8132 7373
8877 8445
6333 9349
8201 8149
7975 5086
9636 5368
7944 6121
7418 9577
7799 5430
8945 7514
9368 9272
7456 7800
8226 7402
7779 6682
7733 6407
7504 5190
9547 6007
8632 9410
7441 7022
8716 9145
8053 8458
6906 8870
8210 7988
6463 5598
6418 7688
9912 6907
7823 5207
8530 7058
7092 7073
4410 5799
7239 6676
9899 8341
6974 5030
9223 5386
9988 8545
9172 8698
6588 5184
6410 8513
8813 6876
6235 6957
8459 7081
7871 6827
9151 9461
9566 8478
9868 8326
6156 8869
6175 9868
9977 8354
7524 6690
6172 8704
9924 9309
8660 8786
8111 5675
8080 6623
7364 6309
8118 9886
7613 8024
6946 5369
9585 5229
8122 8481
7053 6016
9915 5672
7918 5978
6162 7648
8148 8410
9465 6167
7925 6642
9334 5834
6270 8901
6238 7013
6181 7121
6268 7310
8008 6140
7757 9212
6237 9966
9706 7014
8237 8618
7177 9392
6537 6767
9493 6086
9090 5321
7659 8702
9982 8457
2858 7703
8345 6863
8689 5043
7867 5026
8404 5134
6596 5413
8809 8089
8924 5153
6837 6847
8387 7487
9258 5618
8285 9825
6777 6918
7751 8206
9840 8438
6279 8109
7205 5554
8758 6911
7089 5948
9206 8266
8464 9484
9822 8208
6669 6495
6917 7015
6386 5986
8477 9742
8512 7563
7848 5334
6979 5265
7652 5018
8780 5669
6674 5591
8162 5839
6136 8271
8373 9184
9272 9379
9171 5823
7358 9690
9225 8522
6990 5284
9249 6794
8415 9088
6251 9176
9525 6817
8064 8151
6615 8942
6552 6593
8213 9508
6889 5841
8819 6104
7989 8016
8312 5548
8124 9708
9044 7436
8457 8418
6430 9011
7331 5211
8490 5354
7509 7916
5062 9754
6677 9131
8006 8779
7257 6368
7448 9051
9500 6543
7127 8664
9433 7715
7219 9069
9746 8825
8416 5552
8833 5381
6947 9343
6909 9800
9859 6380
6871 6395
8266 7929
7025 8116
7369 9676
8950 7249
9091 9629
7616 6743
7447 8866
6942 6896
7658 6042
6898 5625
7161 9452
6437 8045
6515 9646
8519 9560
7312 9614
7755 8858
6501 9142
7630 9084
7335 7452
7982 9276
8070 6366
8782 7634
6664 9908
8508 6285
6999 6513
7024 8005
7567 8500
8751 7930
8992 5434
8368 9673
8089 6070
8887 7056
7861 9288
7028 7674
8119 5418
8821 5963
9222 8282
6769 8157
8286 8329
7087 5112
9218 5350
7562 6182
8723 5830
6627 8687
6803 5770
8393 7393
7248 8155
9460 6912
9886 6953
8376 5477
8562 7050
7981 9300
6428 7390
8221 7004
8899 8791
7486 7027
9208 9714
9003 5291
9875 8471
8135 5939
7899 9826
9060 8882
8435 9206
8447 9608
7006 7045
9490 6226
6690 5885
7718 7998
9425 5459
7484 8709
9256 6655
8418 5955
7689 5938
6905 8067
6312 6351
8994 5373
8267 6198
9524 5359
9861 7888
9279 9064
7596 9777
8690 7566
9088 6403
5643 6294
9014 5824
8841 5326
8897 6750
6686 6989
6256 7308
7218 9773
6736 6933
8754 8202
6141 5201
8906 5387
8976 9306
6417 8097
8069 9666
6152 8602
8360 7736
9178 5885
8702 8149
8152 8170
9077 9355
7992 7226
7836 8603
9482 6764
7820 7918
7907 5902
6590 6394
9143 5109
6692 8416
9033 5658
9264 9584
9682 7055
6679 6531
7912 6426
9808 7010
7002 7416
7635 6616
9369 9149
8493 6056
6341 5835
6972 6129
8004 9721
7260 9238
8050 6819
9711 5002
8338 7148
8733 8193
8790 5140
8539 8105
6784 9724
9720 6212
8753 9243
9496 7339
9412 7717
8867 5081
7392 5332
7083 8018
9807 7452
9542 6054
9418 9814
8235 6118
6474 5371
7103 9830
6313 5056
9635 9473
9828 9498
7359 8333
7147 5226
9163 8284
8253 5462
8684 9328
9735 9732
9317 5973
6257 6102
6614 8331
8606 8428
8290 6025
9333 9475
9629 5524
8417 8722
8281 9917
6291 7482
7309 6959
6558 6848
9135 6910
6249 8212
9161 6233
6293 6582
6912 6172
7231 8882
8686 8470
8676 9882
9380 6616
7560 6264
6309 9495
6937 7008
6711 8095
6253 5989
9927 6096
6317 8391
7093 5991
8291 6162
7386 6666
7712 6135
6952 8206
9146 7151
7516 5772
9609 6542
7692 8673
7124 8922
8186 7541
9203 7298
9231 7962
8868 5888
9644 9282
6233 7323
7533 5925
8781 5213
7769 6163
9007 6989
9353 5337
6350 6564
6283 7402
8255 5941
8428 6886
7011 5443
9648 8920
9267 6995
7180 6661
9529 7468
7060 7537
8488 6500
6161 7362
6263 5185
8227 7222
8892 7054
8551 7850
7233 7069
7471 8620
8591 9863
2455 5528
6559 9091
7669 7073
7420 8425
9888 7099
9829 8654
8961 8843
9411 9158
6725 8034
8110 6971
6453 9382
8256 5988
6148 6577
8323 7117
8448 7230
7928 8480
6573 6405
8025 8436
7693 6640
6744 8679
8794 8210
836 7999
7561 8740
6229 8306
8795 9518
6876 7905
7970 8327
8483 7846
9965 5188
9876 9525
8063 5462
9918 6891
9107 6972
7787 6091
8185 9297
8486 9468
8005 8447
6683 8617
9030 7349
7112 9688
6598 9706
7129 7703
7882 5285
8219 7443
6259 9346
7679 9492
9726 6167
7632 8680
7853 6596
9476 6113
9049 7881
9909 7210
6431 5603
8222 6860
7671 6547
8893 5395
8434 5686
9403 9589
7413 5697
8747 5506
8198 5792
8183 9845
7809 7704
7811 6078
7246 9731
8832 5108
7598 7494
6269 7602
7350 5044
9484 9231
8749 7830
7437 8178
6813 5124
6894 5240
8934 5024
8812 6673
8056 7735
8262 9591
9760 9479
7033 7311
8801 5382
8566 7569
7564 9844
9123 9473
6681 9207
9864 9321
6993 8122
9843 7543
8456 9587
9664 8191
8410 6440
7131 7073
7913 7262
8536 6170
9785 8157
7866 8983
7763 9866
7241 6917
7153 9904
7559 7993
9194 7099
8229 7643
6671 7390
6620 6139
8062 8662
9192 6783
6696 9013
6543 5249
6924 9467
7242 6259
7517 5938
9956 6322
7065 6761
1593 6815
6379 8245
6629 5948
7644 9347
7893 5024
9669 9147
8871 8505
9878 7754
8102 7473
8544 6308
9765 8629
7061 7919
6834 6041
6953 8397
9671 8152
1089 5738
1405 5971
7057 7687
7814 7497
9544 9314
9084 6872
9929 8728
9164 9812
6239 5754
9591 6879
8140 6500
9898 6816
6695 8906
6218 6181
9083 5409
9237 9798
6851 7841
7217 5015
7320 6048
6608 6628
9969 6112
8247 9292
9197 7961
7371 8824
9185 5083
9972 6480
8549 5848
9558 7333
7366 7327
6439 8153
8157 7539
9461 5051
8911 6398
7550 8545
7943 7534
8757 9665
6988 9231
6205 5588
8214 5794
9598 5982
7045 6929
7506 5771
7204 7856
8569 8375
6752 5667
8400 8137
9714 8548
8966 7294
7541 5921
9201 8106
9583 8689
7715 8390
7994 9436
7058 6070
7452 9398
9131 9080
9343 7016
8722 5483
6444 6008
8640 6859
6267 7786
9092 8429
6581 8342
6377 7239
490 6786
9114 5978
9057 6882
7655 9383
9574 6215
9187 9661
7237 8058
7697 6558
7964 5842
9149 6302
7570 8685
7624 5146
8938 7429
6688 6331
7269 5667
8645 5730
9468 5537
8440 9922
7267 6099
7797 6954
6936 9025
8413 9454
9141 8209
9001 8263
7707 5232
9638 5692
8665 7487
6541 6196
6723 8641
8792 7351
8735 7560
8304 7492
7081 9671
8590 6451
9615 6274
9444 9002
7612 7328
9013 7409
8732 6557
9414 7531
7022 7447
6292 6205
8126 8281
9531 5092
7599 5246
9577 8425
8570 5067
9593 5476
6311 5121
9195 9665
9395 7113
3477 6642
7786 5820
9950 9253
8175 6794
9221 5429
8756 8443
7511 6491
8476 7943
7020 8347
7930 6708
9839 9412
7137 5697
7462 9258
7123 6033
7226 9024
8958 6119
8923 5617
7539 5021
9168 6514
6163 5456
9055 7109
8299 8966
9600 9689
7743 8471
6335 7474
7461 9406
8046 7841
9456 7606
8985 7323
9772 6699
6332 7970
6409 9312
6732 7349
6881 5902
6857 9553
6743 8236
9996 5011
9463 9821
6532 6925
9610 8234
6878 5591
6623 9888
6685 7054
8372 7429
6500 6106
9906 6371
7067 5634
7210 7310
9332 5414
7121 9041
7280 8424
8927 9469
7945 8960
8965 5025
9862 6621
7526 7539
7900 9417
8326 6906
9692 8171
7337 8429
6380 6694
9796 9881
8573 8799
6554 7971
8718 6294
8548 6634
7914 9079
8481 7576
9217 9734
9389 5498
8504 6452
6307 9348
4823 6746
4665 7498
6888 6990
8251 5319
9675 9175
9474 8618
6536 8228
6348 9558
9202 8173
8666 8970
6550 8651
7884 7258
8798 9134
7352 5985
7487 9401
8147 6552
9047 6111
7311 5681
7037 8465
8671 9702
7713 9551
9021 6589
8768 7354
8775 5217
6265 5524
6299 5600
9462 5746
8577 9842
8193 6729
9736 8176
6756 8258
9066 8792
8537 9198
6589 9351
8165 7766
6301 5431
8231 5759
6168 6457
7408 5806
9521 8393
6856 8487
7536 7971
7798 5071
9617 9064
9750 9598
8155 9288
9680 5504
9452 6710
8160 6953
8818 5473
6232 6805
6551 9517
6346 6972
5477 6832
6872 6505
9039 7140
8983 5934
6761 8495
9519 9578
9260 5039
7686 5519
6506 8721
8659 6407
7209 5882
9248 8625
7683 8262
8914 9073
6907 9252
7701 5004
7338 7129
6625 6339
8351 7522
1246 5040
9656 7574
8473 7016
9269 9009
8314 6890
9962 7347
9405 6488
8465 7227
9470 5948
7125 7871
8951 6219
9480 9391
8922 7747
8293 5756
6476 5435
9270 9408
9923 8238
7700 7103
9986 8393
7863 5837
6971 5122
6772 8310
9951 6840
8498 7170
8091 9137
8638 5166
7681 8955
6345 6271
6892 7986
9374 5668
8905 6427
6399 9706
6540 5132
7291 7409
8164 7450
8796 9010
6737 5506
6632 8045
8125 9261
5406 7035
9422 7258
6836 5941
9016 9358
8003 6416
8116 7817
7476 7255
7685 7668
9087 7097
6754 5732
6480 7354
8592 8317
8492 5785
7665 9326
6328 7069
8617 5239
9931 8913
7680 6673
9121 5745
9128 7363
9262 8668
7097 7100
8442 8039
8114 6895
8527 8734
7347 5882
7902 8073
8330 6775
6286 7728
6961 9920
6226 7566
6151 7721
8443 5471
6790 5359
7317 5656
7374 5510
9232 7493
9138 8869
7860 8637
8200 9706
8597 7257
7088 8978
7874 7756
7674 5986
7141 8861
8642 6622
7904 9634
7601 8714
8691 6922
9802 9338
7610 5750
6927 5841
4534 5072
9355 7111
9831 8710
9865 7339
7182 6095
9227 9134
7538 7380
8784 7382
9817 5501
7342 9807
6747 9408
8620 9682
8437 5946
9597 6424
7145 9743
7710 7319
9690 6664
9305 7530
7417 9341
7762 5315
6776 6910
6457 7029
6941 6289
8925 6402
9102 5264
7765 7772
794 8584
8420 5490
6755 6155
6715 9724
8692 5908
6668 7137
7568 9785
6684 8884
6884 6882
8949 8955
6471 9234
6479 8160
6989 5489
9694 8667
8001 7951
8168 9299
7852 8787
8517 5055
8172 5236
7341 6376
7157 6841
5124 6561
7979 8692
9365 6666
7876 9781
9415 8183
8563 9724
7224 9163
9498 8372
7384 7219
9095 9886
7917 6314
6824 6321
7492 6601
7986 9579
6726 7468
9041 6988
6882 7830
7122 6292
7130 6704
9350 5668
8607 9345
7795 5217
9835 9177
7512 5638
8558 6134
9136 9306
7752 9275
5906 9972
7401 6884
8554 7453
8918 5232
7922 8439
7077 7164
8216 8738
7662 9236
9478 7191
8068 5813
8329 8547
8454 7525
6426 6410
8342 5015
9204 9036
8072 7122
7193 8394
8084 7137
3238 8299
7908 8370
6570 8152
6305 9581
7348 6421
6874 7583
8737 9972
7279 6792
7345 5667
9856 9832
7351 9291
9434 5366
8196 6409
6585 6657
6644 7420
6863 5544
7817 8129
3846 6706
9647 5428
7114 6236
9116 5362
8532 7724
7230 6776
8011 8268
6502 6641
9263 7848
6833 5461
8308 5694
6982 5345
6323 8491
8278 7683
9606 9033
7370 5858
8187 5457
9702 8021
8146 6962
9696 7123
9728 7345
7955 5891
9402 6664
6904 8332
7117 9756
7774 5020
8926 5827
8653 5041
7040 8491
366 9412
6360 9191
7294 6983
8595 8860
7389 9981
7931 6332
9118 6841
6647 9152
7247 7224
9536 8879
6785 7483
7329 6098
6870 6508
7422 8400
6344 5685
7194 7623
9012 7391
8347 9206
5494 5634
6407 8706
3211 6578
6806 8100
7307 9609
8419 7278
7186 6398
8408 6591
6650 5772
7336 5579
4675 7866
7299 6878
6184 7587
8516 9601
9371 9477
6795 9702
6710 7835
6592 7867
8518 6636
9954 5800
6954 9241
8542 9636
6342 8581
7626 8416
8816 9234
6662 8653
7721 5156
9764 7632
290 8730
6998 7488
7869 7554
7770 8572
9907 6792
5161 6736
6526 8975
8423 5553
9423 9708
9205 5451
9340 7150
8425 8073
9993 6026
8715 6923
8016 8380
8931 8165
8703 7279
8283 8243
6378 8870
7968 6790
36 6993
9526 7121
8386 5547
9755 5566
7298 6584
6465 9451
6764 6209
7406 9557
6606 5570
9455 7408
9670 5768
8189 5611
6242 5277
9257 6172
6728 7287
9595 7517
9224 6966
7178 7066
8769 6521
8880 8575
7576 7821
6468 9465
8673 5549
6611 8681
9922 9344
6797 9674
9494 6485
9122 9743
6981 6742
8484 7672
8427 9611
9416 8529
7271 9782
8088 6319
1313 9175
7690 6877
9243 8667
8524 5075
9193 7345
8614 7834
9169 8395
8043 8157
8817 7927
3513 9132
6875 7875
6216 6061
9155 8055
8808 9521
7287 6660
8724 9879
8455 8704
8770 7204
9031 6170
6442 8502
6864 6503
8888 6583
7480 8056
9627 5923
7542 9359
7870 8743
9159 5198
7498 6969
6600 6566
6519 9534
7289 7425
8154 6623
9767 8139
6816 6686
9497 9877
6850 6126
9825 6572
8679 6330
8772 9753
8315 6248
7865 5472
7921 8253
8760 7721
7393 6293
2896 7605
6435 5432
7059 9398
6147 5359
7920 7252
8358 7885
448 7423
8609 7730
9762 5343
9400 8689
9174 6008
6549 6039
8343 8150
8959 5917
9106 8562
7687 8014
6169 6565
6400 6790
9198 7795
6574 7468
6607 6261
8613 8046
7572 8313
8239 7661
7589 9628
8736 9987
6401 7618
8450 8788
9995 7196
8982 6140
7546 5893
9626 5413
6261 8448
6648 5471
7227 9208
1825 9940
6788 7269
9779 9498
7954 6789
8624 8684
9176 9974
8461 9123
9824 7567
9565 9540
9495 5240
6213 7673
6483 9911
6741 6059
8543 6607
6698 9723
7735 5498
6575 5811
7225 8896
7162 5287
9939 7458
9419 5990
8463 5169
6337 9198
9823 5433
8027 8477
7265 5931
6807 5538
7984 9681
7851 8911
9361 5825
8032 6350
6208 6420
8284 8142
7939 9198
6903 5221
9082 9639
8296 5399
8745 7314
6227 7419
7382 7005
6221 8070
7078 9975
9948 5929
7654 9321
7008 6346
7468 5736
7926 8071
6859 8284
7297 9122
9274 9140
9928 5587
8704 6861
7169 7020
6712 9625
6202 6537
7833 7197
8791 9363
8697 9996
8647 5357
9448 7216
6591 5969
8706 6151
9642 9186
8128 7205
9582 6752
9994 9847
7398 7116
101 6575
7100 7116
7894 7806
8313 7110
9173 8081
9438 6968
8344 8820
7357 6094
930 8945
8942 5740
9747 5005
7864 9051
7013 6895
7885 8335
9079 9773
6721 5174
8414 9654
9851 5787
9654 7961
8047 9569
9684 8490
8842 8658
8306 9698
8491 7824
8797 9821
8217 9631
9325 9968
9158 8143
8321 5247
6351 7691
7788 5433
943 6630
6382 8755
8937 9195
6873 9646
9657 5984
8199 9711
6284 8122
9620 7129
7303 9240
6397 9547
8825 8848
6580 7417
7052 6456
7479 8302
7513 9081
9625 7094
9354 9909
4353 8689
7950 5498
8698 8936
6841 5587
7499 9112
8108 8357
8820 8686
8681 7686
9362 7450
6798 5357
6508 9527
7346 6472
9538 6903
7474 5724
9150 5243
9668 8053
7519 9756
7892 8854
6509 5860
9024 7161
8678 9747
5811 5163
9594 6994
9902 6401
7967 5932
8077 7873
9109 7433
8741 6892
6700 7114
8662 7559
8383 8648
7326 5784
7923 9959
7197 7811
8707 8693
9127 8457
9672 6402
8608 8728
9925 5327
6649 9362
6900 5464
7179 8016
6425 8926
7223 7665
9101 5482
9806 9092
6396 6393
6275 8775
3747 5613
8079 7017
9341 8597
2791 8381
9607 5343
6503 5252
6826 8470
6727 9059
7403 8572
8203 5015
6970 8646
7887 8667
9050 6452
9349 6263
7105 9047
7587 7379
6405 9662
7415 5614
8020 6092
8087 8993
7168 9891
9759 7259
6847 8728
6452 7695
8649 8150
9813 6182
8850 6323
7445 7900
8977 7378
9685 7674
9291 8805
8719 8836
9437 7615
8616 7353
8600 9673
8298 7471
1969 9970
8838 7131
9310 8339
6699 7163
8320 8334
9790 9641
7080 8130
7607 6288
7404 8190
7465 5631
8311 9871
6139 7035
8541 9259
7245 7567
7553 5101
7584 5843
6493 9785
7438 8629
8806 5745
9800 9715
2611 6536
6948 5352
8564 8578
7419 5112
6547 5406
8919 5041
9483 8392
6201 7499
8430 9047
8002 8162
7577 9876
9754 5246
7031 7927
9732 5209
9665 8968
8078 5662
6327 9752
9739 9194
7380 5438
7649 5808
8099 8714
7711 7661
6280 9235
8374 7742
7160 6017
8335 7284
8907 8738
7594 5510
6586 5776
7407 5146
8436 8616
6135 9789
8849 5482
7041 8639
6395 7273
7666 6160
6730 9816
6338 9735
8171 6250
6484 7140
8910 9477
6694 7036
7328 6356
9882 6319
7154 8177
7957 5260
9733 9086
9980 6813
8115 6294
6618 8925
7841 7608
7915 7832
9786 5919
7192 5030
8499 8159
8521 7527
9045 7653
8815 8169
9643 7476
8007 9111
9167 7057
9546 9349
7416 5574
9081 7786
8990 9532
9188 8994
9916 5710
6389 5928
8863 9999
6523 8528
6839 8794
8341 8297
8371 8393
9872 9524
7290 9972
7220 5203
9036 6719
9852 8082
6616 9036
6358 8779
7998 9232
7036 6280
6899 6520
8495 7367
8545 9907
6891 7633
7734 7421
7636 8570
9356 7162
6561 6264
8496 6559
9637 7799
7470 6279
7102 9503
9572 5202
6843 6635
9311 6611
7650 5576
6160 5273
9338 6288
8149 8896
9233 5961
8886 6487
8844 9894
8042 8754
6243 9124
8396 7358
9165 9102
6524 6572
6356 5406
8264 9541
9651 8924
8531 9717
6330 6302
8738 7241
7761 9599
8273 7838
6794 9790
6165 9186
7258 8401
8908 5354
8250 8310
9250 6320
8282 7439
9573 5258
9432 8963
7600 5192
9893 9931
6531 6623
9701 5344
8391 5396
9559 5217
7657 9777
9773 7383
7960 5365
6384 9290
9727 5266
9177 5522
4461 9244
3414 8183
6200 5287
7508 6108
6633 9788
9589 7315
7005 9477
9940 8686
7459 5023
7778 8914
8167 8161
7641 5634
9413 7454
7019 9598
9282 8619
8066 7459
9857 5410
9621 6826
7051 6591
7139 5535
9152 7561
6369 9231
7529 6911
7983 9762
8755 5675
7832 9194
8097 9028
7478 6468
7201 8752
7518 5690
8057 5765
8779 5577
9302 8013
7111 8336
7672 9699
7163 9506
6352 5289
9046 7956
7578 9241
8258 5269
7251 5578
7491 7384
9780 5659
7212 8230
6544 7245
8915 7043
6646 6669
9783 5465
6424 6630
8670 6665
7878 5416
7075 5467
8742 6040
8995 7053
6176 9373
9501 6239
7021 8680
9170 5520
6740 7184
8644 5741
9660 5176
8879 7899
6185 7717
2147 8435
7794 8131
8451 6525
8188 8851
9373 8498
6931 7908
9062 6774
3100 5475
9811 5032
8012 7479
7514 8635
7976 6050
9961 8089
7647 9323
9805 7582
6258 8990
8170 8053
8861 9206
8192 8263
6914 7815
6274 5506
8547 6058
8060 9912
8470 5507
8034 9142
7066 7534
8513 9669
9226 5374
9974 5771
8763 8962
8337 6308
6277 9388
9514 6992
8023 8668
9486 9362
7390 8012
6318 8669
9321 8811
4806 5965
9067 8084
8765 9634
7138 6721
7399 5854
9683 9150
8860 9052
8104 5239
7808 7136
8411 5878
7489 7512
7719 5133
6219 8664
8445 8222
8805 9269
9298 8480
9623 6686
7877 6517
4745 8654
9028 8769
6622 9221
9677 6747
8242 8571
9390 5060
9958 5074
6682 7324
7691 5868
9795 5398
7094 6844
6461 5374
8574 7507
8138 8771
7216 9144
9756 9325
7838 9301
9427 6906
6450 8902
6965 6415
8776 8271
7780 8674
7796 9910
9032 8248
7574 9229
8049 9001
8714 8411
8468 5763
7443 7779
8944 9320
9724 5679
7549 7542
6363 7600
6266 5510
8912 9591
7753 7240
6276 6437
8890 5421
9385 8623
7043 8751
8305 8272
6886 5187
9723 6748
7319 8707
8637 7609
8234 6196
9364 6493
8389 5397
8274 8562
6236 8478
7664 8689
9860 6733
8348 5367
7837 5637
7442 7622
6968 7214
8331 9304
6134 7767
9793 8798
8713 9783
9018 6906
9453 6336
9328 5704
8317 9468
6278 8734
6829 7923
8422 6606
9324 6677
8158 8628
8669 8056
7266 6731
7397 5201
6689 9466
9712 6561
6159 7961
9301 6718
9268 6931
6628 7074
7315 8833
8625 7103
8557 9942
6197 8230
8847 7090
8827 5796
8028 7192
9071 8332
7003 7518
6193 7522
9932 6050
7027 5934
6956 7748
8150 7390
8700 8919
9271 5831
7048 6054
9420 5926
7187 9104
6760 6673
7396 5746
6815 5777
9450 5408
8014 8030
7730 5316
8265 5418
6842 6449
9449 5638
7895 7686
6170 5377
8565 6786
6995 8247
7507 9478
9897 6521
8241 6036
8096 5946
6247 8683
9975 7598
8980 6347
6708 9947
9472 9306
6652 8519
6569 7861
7183 7412
9477 9017
9812 8160
5966 5630
8346 6542
7709 5399
8882 7469
7638 5261
8604 9686
8993 5863
9492 6507
9417 5462
7481 8682
8364 6496
7775 8811
7716 9440
9235 8926
8082 5436
6391 9891
8895 7438
8303 9827
8991 5935
7069 6598
7356 5442
9281 8807
7977 8282
8384 5308
6911 6535
6893 8209
6775 8627
8807 9210
8675 6190
9901 7591
7582 7058
8734 7290
6556 5117
9541 8352
7155 8348
7987 9904
6304 8896
7726 7445
8363 6259
9294 9135
6393 5584
8656 8676
7703 5230
7729 6182
7675 8958
7585 7245
9295 7582
6224 5175
8244 6163
8369 8288
8310 6328
6902 8989
6945 6293
8169 9492
8672 5255
7472 8211
9863 9160
9845 8956
9957 6420
7792 7870
9804 8021
1496 8951
6602 5217
7349 7743
7014 9122
8246 9134
9320 7355
9153 6561
7296 7698
9603 5836
7962 5179
9919 5753
7054 8492
7293 8211
7330 8758
9710 5328
9564 5020
9716 8588
6637 7603
8957 8690
7695 6033
8515 7815
9788 6435
6529 9464
7400 8464
9992 9154
7281 9875
8332 5690
9458 9148
7806 7420
6693 9978
8668 7051
8113 5337
7969 5010
6414 5963
8800 8059
9553 6410
8081 8620
6660 9065
8406 7135
8740 9424
9979 6290
9517 7041
8579 6637
9326 7018
6469 7357
7433 9005
8333 5088
6359 5785
6643 7908
6672 5319
9430 9633
7046 5132
6248 6863
7991 9063
8191 6633
8881 7063
9533 7617
9308 7622
7520 5168
8898 7402
7221 7767
6411 9795
8324 8517
9112 7619
9000 6150
9471 9123
8939 7975
9097 7643
8522 7975
6404 8993
7032 7227
7236 8321
9004 7949
8439 9970
7195 9572
7972 8792
7807 9071
6595 7697
9556 9356
8568 6337
9440 7892
9275 6862
7515 5138
8839 5533
7082 7283
9903 6527
9604 6013
7791 6870
7314 8126
6423 9390
8505 9383
6326 6626
9251 8565
6722 6920
8626 8550
6687 6034
6577 9669
6854 6398
8859 7402
8933 5427
6583 9077
7758 5616
8875 8694
9821 8814
7951 7220
8599 7539
6918 6121
6994 6252
7548 6212
7091 5791
6705 6521
7682 8073
7207 6548
8572 7420
9377 9988
9038 7488
8446 7418
7932 6005
9945 8333
9443 7501
8327 9436
6667 8109
7728 8574
8156 7807
7323 6495
7855 6736
8664 5316
8220 7944
9510 5278
4602 8446
6517 5944
6562 9515
7653 9710
7000 5052
7436 7935
9043 7709
8593 7307
7494 6634
8133 7977
6466 6221
9266 8409
6638 5210
6196 8299
6714 6140
8774 8928
7803 7101
8269 6048
7200 8361
8793 6040
9708 6656
6697 9015
8263 8223
6545 6713
9372 6280
7310 8738
8894 5825
6192 6283
9391 5905
7941 7728
6319 6480
8471 5869
8598 9495
7302 8712
7322 5816
7821 6363
7849 6575
7070 9445
8328 9387
7781 5484
8999 8257
9011 5671
9858 8795
7759 9718
9628 8638
6855 6127
8277 9101
7288 5968
9689 9772
6750 8042
9998 9919
6996 5268
6146 7316
9254 8721
7744 8894
7661 6364
9695 9721
6745 9422
6978 5820
6533 8992
8184 7781
8954 9450
7391 9485
7229 6373
9770 5053
7300 5469
8144 7846
7842 6325
7501 5861
9342 6451
9989 6194
6787 6015
6731 9595
7742 5885
2186 9029
6415 7067
7099 9809
6641 7089
7482 6281
8831 5938
6416 9436
7767 6120
6477 8996
7278 9862
8431 8341
9766 7706
8031 7025
8857 8202
9214 9754
9359 5879
6281 7433
6655 9289
8639 8487
6603 7362
9504 8864
7825 9677
6992 9832
9502 6233
7264 5513
8366 8834
6846 5524
6535 8990
6198 6162
8935 9387
9179 7831
8674 7062
7739 7899
8731 6439
7551 5528
6373 8744
3583 9099
8207 7215
9955 9628
8134 5965
6149 7290
6155 7793
9645 7824
6774 8629
9283 5214
8546 7285
6321 8326
6413 5281
7469 8623
7115 6726
9078 5794
7164 5443
6376 6540
7916 6274
7668 7252
6115 7621
5214 6683
7736 8733
7800 7890
7277 9486
9093 7483
8159 7897
8000 7013
9505 6853
8583 8724
9211 7128
6143 5843
8026 9846
9849 6629
7434 9519
7128 5574
8240 6876
7898 9853
6289 7130
8206 9673
7615 9068
7985 8621
6896 5600
7047 7256
8777 9869
6831 5149
6809 9528
8166 9442
6814 8995
7026 8789
6838 7163
9663 5354
7706 9010
9035 9307
7617 5694
7316 7525
9392 9589
8478 6199
6470 6272
6789 8125
9157 8330
7785 5508
7085 7626
8129 6196
9890 5369
7720 5193
7924 5880
8594 7723
6866 9005
6215 7665
8603 7692
6975 8315
6659 7831
7446 9841
7525 9303
8322 5486
9554 7984
8941 8667
7096 6764
7010 7016
9833 9174
7173 8499
6796 7662
6340 8317
9869 6133
9814 8310
7534 8532
9316 5426
9105 8049
7148 5404
8405 7209
9027 7039
8711 9585
8502 9119
6206 5934
6793 8092
7015 5925
9854 8696
9513 7777
7383 6636
6364 8477
7919 6943
6676 9031
9661 5602
7854 8917
7824 7492
9120 9998
7906 5228
8552 7128
7889 5671
6298 9282
7521 7694
7727 6087
9567 7538
7937 6958
2839 7273
7132 5119
9997 7784
6132 8728
2674 8093
8717 8297
8041 8505
7815 7354
8510 9341
8799 8574
4605 8780
7270 9510
6879 5623
6475 7505
8928 9230
6802 5351
6553 6367
9631 5436
7185 6807
8441 9322
8646 6494
7411 6271
9382 9911
6456 9596
9734 8587
8362 5559
8117 8376
9252 6728
9960 9786
9345 7828
9866 9504
7643 5581
6707 9085
9885 8863
9288 7849
7978 5823
7822 7791
8059 8578
8650 7014
8520 8886
7235 9080
1536 9160
8399 5097
8889 8445
9549 7111
7793 9506
8309 6178
6749 5907
6805 7463
6733 5466
7431 5333
6167 7602
9883 8769
9740 8689
9314 9735
9967 5493
8075 8822
7725 5357
8848 9704
9132 7654
7629 7504
663 7304
9966 8966
8295 7561
8533 9349
7206 8805
8974 7029
5089 6655
9789 9091
8093 9039
6153 8915
7174 7934
9881 8175
9300 5832
6144 8351
8981 6821
7203 5711
8851 7720
6420 5235
7156 6916
7467 6065
8803 6857
7909 8562
3030 6967
7857 6450
9137 8006
6773 7344
2638 6406
8970 6040
9464 8295
8350 8362
7856 6283
6272 8990
8584 8788
6656 9381
7263 8661
8997 5840
7001 8535
9590 8347
6133 7044
8211 6431
7949 7302
8752 6722
5679 6058
6445 7518
9108 5321
8223 8443
7828 6797
9592 6645
9048 6804
7835 6547
8956 5133
9315 5001
7018 9476
8048 7417
7958 8602
7660 9848
2413 8644
8526 6827
7776 8631
6433 6854
9357 7433
8301 6511
3451 9069
6610 7653
1738 7890
8353 8703
7238 6149
6852 9637
9119 6622
9130 9127
6640 5765
8409 5222
9140 8865
2211 8017
6154 5028
9725 7793
9608 6248
9129 5649
7831 8533
6334 8543
7996 7601
6387 7184
8582 5871
6593 8369
6316 9687
6940 9282
8528 6362
7435 8794
8224 6949
6983 5684
8355 5778
7483 9757
8862 7319
9019 8808
6919 9475
8619 6773
7134 7978
9602 7160
9970 9843
9523 7102
9834 9841
9117 8504
8641 9531
8963 9645
6933 8179
9917 6765
7940 6241
6991 5238
9705 9563
6419 8188
8352 5241
7656 8849
9722 6670
6489 6092
6392 7386
8586 9332
9818 5352
6642 9242
7363 6320
9085 7579
7126 6060
6959 6103
6582 6251
9776 9630
7642 8739
6214 5875
6976 8329
9624 7997
6984 9864
8136 6132
8325 9510
8194 8928
8602 7615
7988 6487
8302 7352
8778 7588
6817 8947
6830 7298
7410 5832
7648 6579
7106 8617
6713 5054
9069 8754
9738 8921
8233 7183
7050 9299
9210 5651
7872 6510
9234 9394
9809 5081
7858 9191
6427 8619
8340 7101
9516 6969
9548 7899
7801 8931
6459 6422
9880 5786
8685 6245
6539 9148
3592 7973
7133 5938
9242 9811
7321 5730
7956 8395
7933 9889
4966 6786
7618 7760
8511 7444
9009 9378
7116 6220
9228 5069
6331 8167
7165 7306
8550 9045
6584 8906
6868 8862
9837 9109
7306 6857
7784 9805
8131 8168
7722 6713
7365 7380
9145 8422
9774 8505
9910 6641
9344 8570
7705 5980
6597 5639
8178 6111
9508 6056
9029 7960
8094 8511
9481 7783
6654 9033
8627 7013
6375 8931
9570 5491
7670 7743
6923 9878
7439 8670
8030 7423
9540 9345
6361 6532
6385 8226
7485 6551
3145 7968
7873 6993
8663 6292
9220 8905
6867 7965
8180 6316
7688 9152
6347 7792
9296 6044
7646 6487
9658 8362
6612 7362
9189 7863
9435 5021
8261 6763
6949 9086
7240 5761
6481 8803
9387 7650
6792 5725
7528 9540
8828 6186
9810 5375
7891 6676
9240 8838
8397 6531
9584 9035
8904 7519
7076 6280
8721 9475
7903 8266
9080 6411
6302 7006
7086 9961
6759 6732
7663 6052
9352 7319
8964 7817
9488 8888
6808 7342
7910 8549
9935 5945
8143 8342
9781 7466
6458 6795
7135 6998
6138 8457
9348 5925
9662 6216
7044 6421
8988 5699
9241 5908
9586 6016
9952 8090
6960 9469
8667 6876
8357 8249
6158 5621
9612 8788
8628 6289
1047 5514
9511 5723
6288 7002
7327 7327
8587 7218
9441 5735
8462 8687
6190 6326
6441 5962
8853 5513
6925 8869
9576 5284
6609 5123
6534 8699
8382 5788
6422 6727
9700 9714
7232 9208
7628 7848
7747 7152
7843 6706
8744 8253
7340 6807
9718 5067
7381 9488
6885 7049
9838 6167
9693 5465
6189 9864
6230 9486
9309 9274
9459 9381
6673 6344
6464 9867
8153 9156
6782 8490
9596 9116
3155 7777
8433 9508
7497 8090
9100 5368
9601 9799
9506 7260
7175 6068
9410 8713
8182 5016
9697 5458
6171 9837
8865 9061
9963 5974
9551 5193
6811 5988
9160 6264
8139 6445
9949 6147
9653 7609
9358 9590
7496 8298
7234 8903
8145 9350
8407 8695
8245 7536
8474 9758
7846 6468
9873 9735
6306 6312
8013 9546
9491 8481
6451 9977
7276 7197
7768 6323
7840 5875
7557 6369
7228 8455
7373 9122
9887 5507
8472 8103
8900 9645
9575 7701
8307 9225
9571 9105
6791 8967
6223 9293
8631 8899
7285 6329
7875 9384
8654 7278
6943 5329
7522 7599
9384 7180
9981 8427
9581 5135
8930 6954
6186 8528
7189 8763
9630 7566
7424 8226
9578 5155
6174 9648
7777 6065
7063 7446
6934 8240
9561 7083
6827 5264
9499 8632
8729 5385
7368 8105
6604 5048
8065 7356
7405 8101
8529 5469
8561 7368
7377 9152
6520 7273
9133 5620
7717 8467
8173 9384
9219 5357
7454 8965
7191 7669
7708 9788
9347 7756
9113 7827
7597 6894
7621 9152
7324 7951
9632 9620
6848 8210
8694 9985
7101 6340
7696 8923
8643 7847
9905 6788
8051 9349
2483 9827
9503 9124
9562 7863
9652 5793
7667 5963
7305 5990
6460 5165
9229 9862
9017 7233
6566 5494
7502 6113
8748 8395
7113 8710
8067 6342
6645 8584
9273 7603
8514 6441
9953 7869
7427 8350
6762 9294
8947 6446
9743 9495
7555 6454
9239 8411
8943 7122
9199 5725
9555 9692
7723 9354
9534 7471
9166 6627
7540 5682
6578 9746
7079 9875
6828 9083
8726 5283
9244 7241
8884 6149
6915 9671
1653 5233
9983 5913
7334 7723
7375 5790
8972 8515
7847 7358
6987 8693
8452 7553
8940 9674
6967 7148
7810 6935
6964 8007
9820 7426
7460 9008
9397 6185
6496 8740
8260 8129
9184 9933
7588 5568
6704 6706
6339 5377
9034 8402
7176 6974
6576 9548
8109 8675
7974 9147
9162 5161
9439 9907
9655 9046
9230 9987
7035 7139
8683 8549
9971 5853
8359 8783
7073 6894
8509 7232
9673 8187
9378 6074
5805 9833
6402 5192
9678 6888
7862 5821
7896 9117
8204 5485
8783 8369
8635 7851
9209 6830
7503 5459
8971 5869
7009 7952
8058 8616
2064 9993
8699 6157
5551 7100
9059 6521
9846 9907
9277 8463
8181 5434
8764 6995
6290 6784
9020 9865
6204 6807
7552 5961
9563 5112
8771 8407
7402 6916
8634 5164
6157 9650
8238 5450
7339 7524
6913 5417
6308 7840
9006 9350
8444 7329
8105 7268
9154 5789
5281 7001
7387 5951
7927 6816
8482 6326
9816 9099
6753 7924
7535 7771
6560 6671
8225 9253
8973 8135
9569 9096
8578 8594
9053 5359
8392 7869
7090 6425
7790 9507
8106 5281
7698 6597
7532 6687
8987 7445
9306 7077
6766 8465
7859 5298
7110 9923
7394 5341
6565 9171
6877 9304
8814 8069
6504 7072
9889 5490
6820 5600
9446 6601
4493 6699
6432 6580
6703 7404
9329 8885
9191 7228
7929 7104
7282 5428
9512 6208
9051 9316
9089 9177
6821 5576
9943 8436
8998 9293
6748 6474
7606 5397
8074 5273
3322 7320
8018 7850
580 9388
9181 5893
8127 6505
9148 7852
6320 6025
1793 5019
6678 9935
7109 7376
9126 8811
6617 5061
8948 8720
8917 5337
6631 7132
9691 7851
7640 8056
9557 5254
9794 5314
8789 5653
8786 9265
8402 9674
6446 8477
6951 7403
9056 9298
8294 7824
7007 9574
6835 6971
7372 5374
9984 5848
9023 7081
7170 7450
8785 6292
8845 5612
9999 9898
8725 8797
6675 8680
8394 5584
9709 8662
6636 9968
7834 8795
2545 7749
9987 9396
6390 9468
6717 7960
9614 9445
6521 8909
7890 5547
7198 8634
7295 7898
6252 7413
6670 7554
7997 7804
7505 8304
6657 7014
8621 8519
7566 5953
6211 7665
9335 5882
6322 6530
8701 5192
9070 5787
8936 5678
6518 5957
7883 5403
9212 7579
7104 6321
8432 7146
9894 8672
6436 9864
9363 5112
9964 5618
9139 7461
6355 7501
6150 5460
6264 8244
6443 6898
9475 5964
6495 5177
6771 6498
8339 7816
6182 9419
7959 5819
9297 6219
9921 5459
6825 9074
9568 7944
7146 9511
7830 5902
7813 5094
9428 7678
8289 8760
8615 9992
8103 7598
9741 5306
8489 7916
8381 6335
6869 9423
7423 7205
8033 6133
8829 6145
9103 6132
7414 5886
8412 5421
6862 8681
6203 6417
8636 9352
6499 8412
7971 7558
7547 9007
8475 9665
6767 7899
6467 6489
8984 5113
9303 8764
9323 8877
8163 8454
6449 5674
9451 5498
6180 9376
6626 5122
9381 9378
9659 8226
6241 8382
6962 8429
8506 7031
9396 5853
9186 5693
7605 9831
6271 6950
6890 7145
6366 6522
6739 9819
9674 8332
6702 5739
7421 5388
6557 6329
6980 8393
8967 8073
7249 7209
9768 6337
8969 7629
7274 6953
8538 8049
6388 5800
9867 6315
9985 7056
7253 8187
6513 5317
497 6132
6440 5836
8567 8564
8354 9148
9489 9816
7268 6330
8996 8608
8854 5768
7095 5303
9408 9168
6209 8816
7936 5280
7980 6980
8336 5626
6296 5916
9605 7508
9216 7083
9745 8504
7678 6939
6199 9894
7463 8268
8727 8273
9550 5805
8743 9928
9409 7997
9913 6354
7756 5085
6497 5665
9147 8919
7152 7395
973 5861
7466 7532
7181 7955
7868 7670
6228 7192
7826 5421
9879 6075
8141 8917
9399 8617
9054 9593
7602 8216
9247 5582
8695 5670
7620 9253
6908 9829
9200 7635
6845 6417
7149 7775
6619 6853
6571 6439
9752 8576
7634 8907
6462 9729
8015 7849
2957 8134
9238 6493
7995 5257
9699 5101
6297 9709
9447 7196
7947 5573
7771 8807
8272 6879
8085 7752
8076 9224
7948 6939
7432 6111
8300 6773
7738 5603
6210 9033
6763 5124
6336 7700
8978 8075
7500 9659
9936 5691
8767 7626
6514 6510
9421 7348
4101 5855
9307 9826
7012 7386
7250 7252
8657 6765
760 9522
8896 6250
6179 6584
8605 7067
6651 5215
6487 9584
8682 8736
6944 5162
6579 5463
9973 8364
8228 9648
8534 5339
6630 9663
6105 8603
7581 6546
8177 5093
8009 9885
9698 7772
6343 5358
6128 6972
9537 9194
9259 8133
9744 8107
8503 9433
8876 8964
8019 5950
6800 9680
7879 6370
9900 8132
7623 8457
3691 9931
9327 6294
8571 8822
9442 6689
6368 6720
6724 5761
9431 6002
6840 8063
7068 7969
7537 6594
6639 6097
9094 6696
7592 9276
8259 8711
9891 5272
6781 9327
6932 8003
2242 6753
8460 8927
6555 6310
4306 6764
7143 7222
8101 9285
7637 8832
9245 5341
9319 7676
7766 8378
2649 5330
9815 6318
6412 7327
7591 6661
6804 6021
6187 5776
9246 7423
6217 8560
9370 5404
8873 9972
6928 9802
9748 6351
7409 8615
9775 9453
9914 6595
9782 8385
6709 8510
7622 6428
8252 5151
4215 9837
9005 9445
6887 6173
9588 8634
6783 5724
9318 5266
9398 7200
6832 5183
8688 7885
7990 8749
8611 6050
7450 6680
6324 6949
7395 6319
8921 8808
6362 5204
9099 9757
4524 7669
9061 8937
9386 5421
8823 8153
9545 9189
6262 9516
6567 8442
6853 9084
8421 9914
9072 9117
8507 6540
6742 7967
8090 6644
7845 6425
8929 8368
9075 8580
6926 7224
6883 5671
8044 8107
8581 5650
6895 5852
8618 5940
7839 7492
6605 6639
6303 5668
